06845599;_member_of_domain_usage;03754979;1;1
00789448;_verb_group;01062739;2;2
10217831;_hyponym;10682169;1;2
08860123;_member_of_domain_region;05688486;1;25
02233096;_member_meronym;02233338;1;3
01459242;_part_of;01461646;1;1
01371092;_hypernym;01352059;1;1
03902220;_part_of;03918480;1;1
02314321;_hypernym;08102555;6;1
08621598;_hypernym;08620061;2;2
03239726;_has_part;03027250;8;33
12400489;_hypernym;12651821;1;1
00779360;_derivationally_related_form;15274695;3;6
07359599;_derivationally_related_form;00555447;3;2
05058580;_hyponym;05058140;2;2
10686313;_hypernym;09610660;3;2
13286099;_derivationally_related_form;02234988;2;2
01444326;_hypernym;01441510;11411;2332
15269513;_hyponym;15297672;1;1
05442131;_has_part;05436080;1;2
08660339;_hypernym;08512259;3;2
07085786;_hypernym;07085375;1;1
13716084;_hyponym;13720096;1;1
13166338;_hyponym;13224256;1;10
01469222;_member_holonym;01467986;2;2
09634494;_hyponym;09705287;2;1
02671421;_hyponym;03354350;2;2
00069879;_hyponym;01309478;3;5
06178812;_derivationally_related_form;10256080;2;2
01257145;_derivationally_related_form;07488875;2;2
02156546;_derivationally_related_form;07335716;2;2
02270342;_also_see;02577061;2;3
01938426;_hypernym;01835496;3;2
01864707;_hyponym;02458675;1;1
08814333;_instance_hypernym;08524735;101;1
04552696;_hyponym;04457326;1;1
00770151;_hypernym;00766234;2;1
01503061;_hyponym;01789386;2;2
04903813;_derivationally_related_form;01763829;2;2
01908287;_hypernym;08107499;1;1
07861421;_derivationally_related_form;01577513;2;2
01835496;_hyponym;01904293;2;3
01985923;_hyponym;01985757;1;1
01046587;_hypernym;01046059;1;1
00951037;_hypernym;00949619;2;2
01654628;_hyponym;01271658;1;1
13266892;_hypernym;13265904;1;1
15121625;_hypernym;00028270;2;1
06754184;_hypernym;06753800;1;1
01258719;_synset_domain_region_of;09044862;5;1
01194418;_hypernym;02492198;271;54
01008719;_synset_domain_topic_of;08441203;20;1
00474017;_derivationally_related_form;07357679;2;2
03223686;_part_of;03224032;2;1
13627516;_has_part;13627327;1;1
12473011;_member_holonym;12423565;17;1
15232712;_part_of;15232406;1;1
10024362;_hyponym;09622745;2;2
12194147;_member_holonym;12193964;2;1
00964569;_derivationally_related_form;01118449;3;2
06479665;_hyponym;06546408;1;2
04105068;_hypernym;04014297;2;2
01322854;_derivationally_related_form;00223983;2;2
01716882;_derivationally_related_form;07007945;2;6
12766869;_member_holonym;12766241;1;1
08159924;_hypernym;07971582;1;1
06580646;_hypernym;06568978;1;1
00968962;_hypernym;00968211;1;1
01696849;_member_meronym;01697837;1;1
13166338;_hyponym;12959226;1;1
06643408;_hypernym;06797169;5;4
15089472;_hyponym;15089803;1;1
01864707;_hyponym;02348036;1;1
06596978;_hypernym;06593296;1;1
11432758;_part_of;13850674;1;1
07572957;_hypernym;07566340;2;2
01695976;_derivationally_related_form;04681797;8;17
07091902;_hypernym;06290637;2;1
01156899;_hyponym;01157138;2;2
02425228;_hypernym;02424695;5;2
06693198;_derivationally_related_form;00860620;2;3
01057034;_derivationally_related_form;01253379;2;2
00062582;_hypernym;00089324;1;1
01455592;_member_meronym;01455986;1;1
07191777;_hypernym;07191279;2;1
02514988;_member_meronym;02515214;1;2
08174398;_member_meronym;08949093;1;1
14548343;_hyponym;14548913;2;2
00630634;_hypernym;00624738;1;1
12406715;_hypernym;12405714;1;1
08153437;_hyponym;08157672;1;1
07466557;_hypernym;07470671;1;1
01733213;_hypernym;01714208;2;2
12224309;_hypernym;11534677;1;1
00810729;_hypernym;00811375;1;1
11795366;_member_holonym;11794267;1;1
01758019;_member_holonym;01753721;1;1
09850642;_synset_domain_region_of;08860123;2;1
13726074;_has_part;13725726;1;1
02257370;_hyponym;02256998;2;2
00802946;_derivationally_related_form;01141841;2;2
12797368;_member_holonym;12797213;1;1
09989045;_hypernym;10129825;1;1
14373582;_hyponym;05669934;2;2
10412055;_hyponym;10506220;1;2
01850315;_hyponym;01866610;2;2
00074038;_hyponym;00074453;1;1
00974367;_derivationally_related_form;09795124;3;2
02802544;_hypernym;03120491;1;1
10128909;_hypernym;09606527;1;1
01687569;_derivationally_related_form;05844105;2;2
12005656;_member_holonym;12005500;1;1
02001858;_derivationally_related_form;00319939;2;3
05673908;_derivationally_related_form;01978003;2;2
12446200;_member_holonym;12445848;1;1
02676054;_hyponym;02677097;2;3
11575425;_hyponym;11910070;1;1
07040148;_hypernym;07037465;1;1
13060190;_hypernym;12992868;2;1
09390424;_part_of;09202405;44;10
00376400;_hypernym;00376063;2;2
06083243;_derivationally_related_form;10806222;2;2
08900535;_has_part;08903220;1;1
11567411;_hyponym;11775780;1;1
00353992;_derivationally_related_form;00493703;7;6
00043902;_synset_domain_topic_of;00471613;4;1
08491826;_hyponym;08540903;1;2
02641035;_derivationally_related_form;01062817;2;2
01951276;_hypernym;01953810;2;2
02684649;_part_of;04200637;1;1
05154517;_hypernym;04723816;2;2
02490004;_hypernym;02488834;1;1
09606527;_hyponym;09825519;1;1
02040505;_hypernym;02021795;1;1
10826352;_instance_hypernym;09989502;1;1
02662239;_member_holonym;02662081;1;1
08541288;_derivationally_related_form;00195342;4;2
03532672;_hyponym;02709367;2;2
00740342;_synset_domain_topic_of;08441203;3;1
01463963;_derivationally_related_form;05075602;10;3
01170243;_derivationally_related_form;14447908;2;2
09342729;_part_of;08830456;1;1
07434102;_hypernym;07433973;2;2
12287388;_member_holonym;12280487;4;1
13258362;_hyponym;13259797;1;2
02156546;_hypernym;02609764;2;2
08919949;_member_meronym;09697070;1;1
11020721;_instance_hypernym;10624540;1;1
08806897;_has_part;08807554;15156;15542
02208118;_also_see;02311387;7234;2622
13112664;_hyponym;12677841;1;1
02332315;_member_holonym;02331479;1;1
10513509;_synset_domain_region_of;08860123;24514;16437
14061805;_hyponym;14070360;2;2
06389753;_derivationally_related_form;01745377;2;2
11746776;_member_meronym;12539306;1;81
00626428;_derivationally_related_form;10508710;2;3
00118733;_hypernym;00116687;2;2
02081178;_derivationally_related_form;08617963;2;2
13902048;_derivationally_related_form;01742244;2;2
07328942;_hyponym;07436986;2;2
07334490;_derivationally_related_form;00478830;2;5
03547054;_hypernym;04191595;2;2
10564660;_derivationally_related_form;06403969;2;2
09831962;_hyponym;10590977;2;2
11579418;_hyponym;11939887;1;1
01511706;_derivationally_related_form;00104249;2;2
01768402;_member_holonym;01767199;2;2
04014297;_hyponym;03546766;1;2
12658846;_has_part;07770180;1;1
01410223;_verb_group;01236164;2;2
01215851;_derivationally_related_form;03068181;2;2
14907122;_hypernym;15047313;1;1
08718577;_part_of;09189411;1;1
08780881;_member_of_domain_region;10595361;1;1
00179567;_hypernym;00173338;1;1
00645493;_derivationally_related_form;04784142;2;2
09765278;_hyponym;10158010;1;1
05027529;_hypernym;05026843;2;2
02456493;_hypernym;01544692;2;1
11844651;_member_holonym;11841529;54;5
00024720;_hyponym;14000403;2;2
12409016;_hypernym;11567411;1;1
00459114;_derivationally_related_form;07891726;2;2
11338796;_instance_hypernym;09798811;1;1
00966869;_derivationally_related_form;02344568;4;5
10256756;_hyponym;10248198;1;1
00216038;_hypernym;00209943;2;1
07247071;_hyponym;07248060;2;2
12577895;_member_holonym;12577000;1;1
01340439;_hyponym;01348174;1;2
01062817;_hyponym;01062997;1;1
04433585;_hypernym;02886599;2;1
11664929;_member_holonym;11551211;5;2
05090441;_derivationally_related_form;00434077;3;3
15231765;_instance_hypernym;15113229;1;1
04606014;_hypernym;03368141;1;1
11460281;_hypernym;11459538;2;2
04153751;_hyponym;02865665;1;1
04914292;_hyponym;04915866;1;1
00940384;_hyponym;00903212;2;2
08780018;_instance_hypernym;08691669;1;2
12475035;_member_holonym;12474828;1;1
01675963;_hyponym;01751836;7985;8321
02761834;_derivationally_related_form;01042725;4;2
00425278;_derivationally_related_form;01803003;3;2
02575082;_hyponym;02537407;2;9
12565368;_member_holonym;12564840;3;1
09917593;_derivationally_related_form;15147097;2;2
04821802;_derivationally_related_form;00103696;2;2
09606009;_hypernym;00007846;4;4
08660339;_hyponym;08566707;2;2
01143409;_hypernym;01143040;2;1
03171356;_hypernym;04341686;7;2
01668257;_member_holonym;01667570;1;1
01977080;_derivationally_related_form;10019406;2;3
10109443;_hypernym;10341660;1;1
04229959;_hypernym;03101986;2;1
07296428;_hyponym;07337390;2;2
13306870;_derivationally_related_form;02321046;3;2
06972311;_hypernym;06972090;1;1
00369864;_derivationally_related_form;05015463;10;4
01342529;_hyponym;02012306;1;5
01643092;_member_meronym;01643255;1;1
04667406;_derivationally_related_form;01484083;3;2
01494310;_hyponym;01498872;2;2
04962240;_hypernym;04961691;1;1
06845599;_member_of_domain_usage;03587715;1;1
04671394;_derivationally_related_form;00724861;2;2
06268784;_hypernym;06268096;2;2
07339653;_hyponym;07339941;1;1
01466543;_derivationally_related_form;00262249;15;6
02446645;_hypernym;02445715;1;1
04868748;_hypernym;04826235;3;1
11915658;_hypernym;11915214;1;1
15256714;_hypernym;05867413;2;2
07127252;_hypernym;07109847;2;1
00728641;_hyponym;00729285;2;1
08729452;_part_of;08723006;1;1
01473990;_hypernym;08103777;13;1
01296462;_derivationally_related_form;00379422;2;2
04033425;_member_holonym;07956721;1;1
00560529;_hypernym;00558630;2;1
03385117;_hyponym;04054795;2;2
11911591;_member_meronym;12000609;1;21
12169526;_member_meronym;12192373;1;3
00538571;_synset_domain_topic_of;06084469;4;1
05249636;_hyponym;05301908;5;3
01621555;_hyponym;01628197;1;2
05533948;_hypernym;05248181;2;2
01382273;_hypernym;01352059;1;1
08860123;_member_of_domain_usage;01252566;1;20
10299875;_hypernym;09624559;2;2
02795169;_hypernym;04531098;2;2
02765464;_hyponym;02765692;2;1
08156685;_member_meronym;11259950;1;2
10717461;_hypernym;00007846;2;1
08199025;_member_of_domain_topic;10125786;1;1
11672400;_hyponym;11988893;1;1
04364545;_hypernym;03739693;11450;6801
11501381;_hyponym;11502497;6;12
01336587;_derivationally_related_form;05645597;2;3
00738747;_hypernym;00983824;1;1
05239808;_has_part;05241827;1;1
06115701;_derivationally_related_form;10127689;2;2
08172877;_hypernym;07951464;2;1
03273913;_hypernym;04070727;2;2
00686890;_derivationally_related_form;01010118;2;2
00015388;_hyponym;01317916;1;2
02244956;_hyponym;02302817;3;26
00069879;_hyponym;00091968;2;2
02761685;_derivationally_related_form;00378479;702;172
12983961;_hypernym;13024012;1;1
10165109;_hyponym;10305802;2;2
09876892;_hypernym;10307234;1;1
06742772;_hypernym;06742426;3;2
11556187;_member_holonym;12410381;2;1
00045145;_hypernym;00047945;2;1
12960211;_member_meronym;12960378;1;1
09453008;_instance_hyponym;09341465;7;1
05941210;_derivationally_related_form;00701040;2;2
11747468;_hyponym;11748501;1;1
00946755;_derivationally_related_form;06807198;3;5
06780309;_hypernym;06780069;1;1
06151693;_derivationally_related_form;10620758;2;2
00894552;_hyponym;00896832;1;1
11555413;_hyponym;12039743;1;1
01453969;_hypernym;01453433;2;2
00500280;_part_of;00499924;1;1
11666854;_member_holonym;11665781;143;22
04348184;_hyponym;04347754;2;2
00939818;_derivationally_related_form;01707925;3;2
08457976;_hyponym;08459252;2;2
12969670;_hypernym;12969131;1;1
11555413;_hyponym;12617140;1;1
00550771;_hyponym;00100543;167;267
11607071;_hypernym;08103777;3;1
01740969;_derivationally_related_form;00918383;2;2
08766988;_has_part;08769439;8;306
12724201;_member_meronym;12725940;1;1
01589125;_member_meronym;01589286;1;1
14866889;_hyponym;12167075;1;2
00126264;_hyponym;00446695;2;2
00056688;_hypernym;00053913;2;1
12761123;_hypernym;11567411;1;1
04616059;_hyponym;04662951;2;2
03327234;_part_of;08514865;2;1
00591115;_derivationally_related_form;05805475;2;2
12566331;_member_holonym;12564840;3;1
13954253;_derivationally_related_form;00043765;3;3
08991491;_part_of;08991182;1;1
01346003;_derivationally_related_form;03848348;2;2
02248744;_hypernym;01759182;1;1
14322699;_hyponym;14324274;2;2
12242123;_hypernym;13112664;1;1
10682038;_derivationally_related_form;01916634;2;2
10064229;_synset_domain_region_of;08871007;35;1
00671351;_member_of_domain_topic;01443871;1;2
04956110;_derivationally_related_form;00565592;2;2
00024264;_hyponym;04630689;3;3
00824066;_hypernym;00826509;72;24
01946277;_hypernym;01945845;1;1
04372171;_hypernym;03575958;2;1
00154778;_hypernym;00153263;2;1
14980579;_hypernym;14686352;33791;34116
12239100;_member_holonym;12226322;6;2
07047011;_synset_domain_topic_of;07020895;1;1
05301908;_derivationally_related_form;00941990;10;4
11804604;_member_meronym;11813309;2;8
11805837;_hypernym;11573660;1;1
11612349;_hypernym;11608250;1;1
02621901;_derivationally_related_form;05008746;2;3
07060167;_hypernym;07059255;2;2
08969291;_derivationally_related_form;03024420;2;3
06934132;_hypernym;06930934;1;1
10251779;_hypernym;00007846;4;2
02625016;_derivationally_related_form;00050693;2;2
09615807;_instance_hyponym;11128394;1;1
04370456;_part_of;04370774;1;1
04576211;_has_part;02764779;1;2
02426799;_derivationally_related_form;13944914;2;2
11704791;_has_part;11705052;1;1
00983824;_hyponym;01043231;2;2
04294426;_hypernym;02688443;1;1
00007846;_hyponym;10191001;2;2
04657876;_derivationally_related_form;01076793;2;2
02150948;_derivationally_related_form;10576071;2;2
00937656;_hypernym;00933420;2;2
05133287;_hypernym;05129201;2;2
08633957;_instance_hyponym;08879388;1;242
01944217;_member_holonym;01952162;2;2
12393527;_member_holonym;12391745;56;1
01691057;_hyponym;01747203;1;2
12605019;_member_holonym;11668952;1;2
00900070;_derivationally_related_form;00836236;2;2
01400575;_hypernym;08103777;3;1
12744850;_member_holonym;12744656;1;1
02435853;_hyponym;02436645;1;1
01239064;_derivationally_related_form;02677567;3;2
01504437;_hyponym;02018638;1;1
06394564;_part_of;06536853;2;1
07809368;_hyponym;07818029;1;1
01801088;_hyponym;01802159;1;1
10214637;_derivationally_related_form;01632411;5;2
03386011;_has_part;02811936;2;2
13951984;_hypernym;13951444;2;2
10034201;_hyponym;10712690;1;2
06963951;_hyponym;06966310;1;1
10707804;_hyponym;10616204;1;1
08655464;_instance_hyponym;09078231;1;20
02496816;_hypernym;02539334;5;2
05614657;_hypernym;05614175;2;2
11567411;_hyponym;12762245;1;1
13800801;_derivationally_related_form;00171127;2;2
01498989;_member_holonym;01498822;2;2
05138488;_hyponym;05168261;2;2
03740161;_hyponym;04451473;2;3
09974648;_hyponym;10460806;2;2
12202936;_hypernym;13104059;2;2
00265386;_derivationally_related_form;00260622;2;3
02617689;_member_holonym;02617029;8;1
11529603;_member_meronym;11536778;5;2
02390470;_derivationally_related_form;10363913;2;2
04907269;_hypernym;04616059;2;2
00039021;_hypernym;00037396;2;2
04162998;_hyponym;04299699;1;1
01332730;_hyponym;01233387;1;2
00828901;_hypernym;00962447;2;2
00136152;_hypernym;00134780;1;1
00024649;_derivationally_related_form;03395745;2;2
09211735;_instance_hypernym;09403734;32;1
06806469;_hyponym;06696483;2;3
09891470;_derivationally_related_form;02951358;2;2
02275372;_member_holonym;02274516;1;1
12611479;_member_holonym;12611243;1;1
13112664;_hyponym;13143758;1;1
02984699;_hyponym;03924407;1;1
02145814;_hyponym;00588703;1;1
04071393;_hypernym;03763968;145;42
00343730;_synset_domain_topic_of;00528667;1;1
11534677;_hyponym;13140535;1;1
01647803;_member_holonym;01639369;1;1
12501745;_member_meronym;12547658;1;27
09851165;_derivationally_related_form;02669081;3;2
05616786;_hyponym;05660268;2;2
01759182;_hyponym;02181013;1;1
14498096;_derivationally_related_form;01269379;2;3
03650173;_derivationally_related_form;01262113;2;2
02244956;_also_see;02294436;2128;1587
00173338;_hyponym;00176137;1;2
02529515;_member_meronym;02531820;1;1
02621395;_derivationally_related_form;07092356;3;3
00960734;_derivationally_related_form;13845239;2;3
14050559;_synset_domain_region_of;08723006;90;1
01567133;_hypernym;01563128;2;2
11199727;_instance_hypernym;10650162;10;1
13999663;_hypernym;13998576;2;2
13481883;_derivationally_related_form;02762806;3;2
00568430;_hyponym;00568813;1;1
00633864;_derivationally_related_form;00785962;3;2
12892226;_member_meronym;12904148;1;7
00256961;_hypernym;00256746;1;1
09165613;_has_part;09483129;1;7
08392137;_instance_hyponym;08043499;1;1
03673767;_derivationally_related_form;01270784;2;2
08740875;_has_part;08745901;1;1
03315023;_hyponym;03997027;1;2
02267826;_hypernym;02263378;1;1
02134589;_member_meronym;02136623;65;233
06084469;_member_of_domain_topic;00506377;1;1
08337324;_hyponym;08138466;1;2
00411547;_hyponym;00408852;3;1
06350918;_hypernym;06350274;1;1
02400760;_derivationally_related_form;10760340;2;2
05537806;_hypernym;05220461;2;2
05505679;_hypernym;05462315;2;1
08199025;_member_of_domain_topic;10055847;1;7
07242324;_hypernym;07241205;2;2
00212173;_derivationally_related_form;04683600;2;2
10405694;_member_holonym;13837840;1;1
00534480;_hypernym;00342028;2;1
08279298;_hypernym;08284481;1;1
03579982;_has_part;04170515;2;2
09460888;_instance_hypernym;09403734;12;1
03131038;_part_of;03058726;1;1
02726715;_derivationally_related_form;14365356;2;2
00238867;_verb_group;00239321;2;2
06845599;_member_of_domain_usage;03189995;1;1
07409592;_derivationally_related_form;02685665;2;4
02657219;_hyponym;02658979;2;2
13478525;_derivationally_related_form;00229280;3;3
00455599;_hypernym;00407535;23;7
00433458;_hyponym;00447540;2;5
04999401;_hyponym;05000342;2;2
01271428;_instance_hypernym;00956485;3;1
08787878;_part_of;08701942;1;1
01741864;_synset_domain_topic_of;00916464;1;1
00024720;_hyponym;14425974;2;2
02767308;_derivationally_related_form;01253060;2;3
00347652;_derivationally_related_form;01898592;2;2
00471711;_derivationally_related_form;00223720;2;2
04826235;_hypernym;04846770;3;2
08558488;_instance_hyponym;08894456;3;1
08574314;_instance_hyponym;08978821;1;1
02332606;_member_holonym;02331479;1;1
00471613;_member_of_domain_topic;06486161;1;7
01353405;_derivationally_related_form;14705718;2;3
00493703;_derivationally_related_form;00353992;6;6
12717644;_member_holonym;12717524;1;1
02440705;_member_meronym;02447591;1;1
13148019;_member_meronym;13148384;1;1
09190918;_hypernym;00007347;2;2
14019441;_part_of;01460108;2;1
01862557;_hyponym;02454119;1;1
12995724;_member_meronym;13082077;1;2
12464278;_member_meronym;12464476;1;1
06115476;_hypernym;06000400;3;2
09147046;_has_part;04378842;1;216
02259829;_hypernym;00761713;2;2
09192280;_part_of;09055015;1;1
12195965;_member_meronym;12196129;1;1
12099342;_hypernym;13118707;1;1
09277686;_part_of;09466280;2;2
01507175;_hyponym;01556368;1;1
12112008;_hypernym;12102133;1;1
03631445;_hypernym;03106110;2;2
10765305;_synset_domain_region_of;08860123;9;1
01012712;_derivationally_related_form;00739662;4;3
12373361;_hypernym;11565385;1;1
06883725;_hypernym;04416901;1;2
08199025;_member_meronym;10305635;2;2
00588888;_derivationally_related_form;05805475;2;2
00704388;_derivationally_related_form;05784242;3;2
00628491;_hyponym;00739082;2;2
10173895;_hypernym;00007846;6431;2173
08920924;_has_part;08926543;1;6
01187620;_synset_domain_topic_of;08441203;1;1
02595902;_member_holonym;02593863;1;1
07296428;_hyponym;07416441;1;2
12219875;_member_meronym;12220019;1;1
00670261;_hyponym;00726300;3;11
02059393;_member_holonym;02058933;1;1
14749794;_hyponym;14750122;1;1
07490713;_hyponym;07491038;2;4
00464513;_also_see;01430111;2;2
00746084;_hypernym;01027508;2;2
06756831;_derivationally_related_form;00835506;3;2
14857897;_hyponym;14858099;1;1
01432517;_hyponym;02637337;1;1
15022389;_hypernym;15022171;1;1
05613962;_hypernym;05617107;1;1
13583724;_derivationally_related_form;02468793;3;2
11627028;_hypernym;11554175;1;1
02559752;_hypernym;02452885;2;2
03091374;_hyponym;04402057;2;2
12735009;_member_holonym;12734722;23;1
09283623;_hypernym;09225146;2;2
13879126;_hyponym;13881381;1;1
00755500;_derivationally_related_form;00838524;2;2
00243918;_member_of_domain_topic;02192818;1;4
05060476;_hypernym;05060189;2;1
12469936;_member_holonym;12423565;17;1
01811736;_derivationally_related_form;07528807;2;2
01461328;_derivationally_related_form;00378985;5;3
04182514;_part_of;04497962;2;2
08391696;_part_of;08391387;1;1
10216403;_derivationally_related_form;02593354;2;2
14580897;_hyponym;14696793;2;2
11551211;_hypernym;08220891;14;1
00396703;_hypernym;00394813;2;1
01605119;_member_meronym;01616970;1;1
04500060;_hyponym;04270147;2;2
13463656;_derivationally_related_form;00569318;2;2
02093390;_derivationally_related_form;07439284;2;2
02674912;_hypernym;02707683;1;1
00243918;_member_of_domain_topic;00321652;1;4
07666521;_part_of;02324850;1;1
09912765;_synset_domain_region_of;08798382;7;1
08285896;_synset_domain_region_of;08860123;7;1
05513807;_has_part;05457469;2;4
08294696;_hyponym;08177030;1;2
08083599;_member_of_domain_topic;01033903;2;186
01959927;_synset_domain_topic_of;00450335;1;1
10387196;_derivationally_related_form;04091839;5;2
00238720;_derivationally_related_form;13443787;2;2
00940214;_hypernym;00126264;2;2
01745722;_derivationally_related_form;04004767;3;5
10396462;_hypernym;00007846;2;1
08950035;_instance_hypernym;08524735;102;1
01828405;_derivationally_related_form;07486922;3;3
12192373;_member_meronym;12193458;1;1
10013927;_hyponym;09787534;1;1
05035961;_derivationally_related_form;00559102;2;2
03948459;_hyponym;04086273;1;1
02216547;_hypernym;01759182;1;1
12445848;_hypernym;11561228;3;1
00069166;_hypernym;00067999;1;1
01503061;_hyponym;01517565;2;2
05511618;_part_of;05216365;3;2
02427726;_derivationally_related_form;10381214;2;2
13907415;_hyponym;13877918;2;3
09224325;_part_of;09201301;1;11
12166424;_hyponym;12166793;1;1
13149296;_hypernym;13100677;2;2
01835103;_derivationally_related_form;09355850;2;2
08344301;_hypernym;08342039;1;1
08199025;_member_of_domain_topic;03919096;1;2
02525866;_member_meronym;02527145;1;1
06181584;_hyponym;06174404;2;3
02067941;_member_meronym;02068408;1;1
01229938;_hyponym;01230283;2;3
01458302;_part_of;05457469;2;1
01028748;_derivationally_related_form;10344774;2;2
00141806;_derivationally_related_form;00920336;3;3
00715074;_hypernym;00352826;2;1
10351874;_derivationally_related_form;00761713;2;2
01255057;_derivationally_related_form;00691050;2;2
12201761;_member_holonym;12194776;11;2
00253761;_hyponym;00251463;1;1
02671421;_hypernym;03081021;2;2
02121234;_member_meronym;02125311;1;15
06286395;_hyponym;06287620;1;1
01487311;_hyponym;01487718;1;1
00271263;_hyponym;00272878;1;2
02217695;_hypernym;02217266;2;2
12052630;_member_holonym;12039743;1;1
09101318;_instance_hypernym;08695539;7;1
10597234;_hyponym;09756195;2;2
11689197;_hypernym;13135832;1;1
03467984;_hyponym;03343853;2;5
01881180;_hyponym;01882081;1;1
08610305;_part_of;09108164;6;1
01998019;_member_meronym;01998183;1;2
08775784;_instance_hypernym;08574314;2;1
06387980;_hyponym;06390512;1;2
01567678;_hypernym;01567133;1;1
01538469;_hypernym;00510364;1;1
00147862;_derivationally_related_form;01284908;2;2
04182890;_hypernym;03895585;3;2
05835747;_hypernym;05833840;17;9
11886380;_member_holonym;11867525;9;1
00975902;_hyponym;00976365;1;1
06873252;_has_part;06873571;2;2
05509889;_has_part;05528060;2;2
10227985;_derivationally_related_form;06161718;2;2
01004072;_hypernym;00383606;2;2
10878672;_instance_hypernym;10625860;1;1
00031921;_hyponym;13791389;32;322
01713635;_member_meronym;01713764;2;1
11600372;_hyponym;11601918;1;1
02462580;_derivationally_related_form;10760340;2;4
07237758;_derivationally_related_form;00842538;2;4
02327200;_hyponym;01358191;1;1
11014450;_instance_hypernym;10453533;1;1
01107705;_hypernym;01105639;1;1
03054901;_hyponym;03396654;1;1
06890846;_derivationally_related_form;02141973;2;3
01596479;_hypernym;01507175;1;1
05867413;_hyponym;05868477;2;4
01830798;_hypernym;01762528;2;1
03472232;_derivationally_related_form;00099721;3;2
11629501;_member_meronym;11641788;1;29
11357332;_instance_hypernym;10453533;1;1
13205482;_member_meronym;13210827;1;1
09468604;_instance_hyponym;09422294;1;1
00608808;_derivationally_related_form;05833840;3;5
02958343;_hyponym;03770679;1;1
02009433;_hyponym;02014165;9;13
02435689;_member_holonym;02398732;2;1
13907415;_derivationally_related_form;01280014;3;2
01637166;_derivationally_related_form;05786372;2;2
00815686;_derivationally_related_form;06746005;2;2
06930934;_hypernym;06904171;2;2
00332154;_hypernym;00397576;1;1
11758628;_member_holonym;11754188;1;1
00824292;_derivationally_related_form;06713187;2;2
09320985;_part_of;09138935;1;2
04762355;_hypernym;04760771;1;1
00562935;_derivationally_related_form;02557638;2;2
06568978;_derivationally_related_form;01747717;2;3
13107891;_derivationally_related_form;00329495;2;2
12707781;_hyponym;12711596;1;1
08312559;_synset_domain_topic_of;06226057;21984;736
06252138;_derivationally_related_form;01070102;3;2
00872886;_derivationally_related_form;09774167;2;2
08627919;_hyponym;08676349;1;1
01617192;_hyponym;01697816;2;4
01751021;_hypernym;01675963;1;1
02512053;_derivationally_related_form;01140794;2;3
14052403;_hyponym;14059928;2;2
00774056;_derivationally_related_form;09896826;2;2
10295819;_hypernym;00007846;2;2
00262249;_derivationally_related_form;01466543;6;16
00462092;_derivationally_related_form;00089027;2;3
01366718;_derivationally_related_form;07527352;2;3
09373716;_instance_hypernym;09411430;4;1
04074329;_hypernym;03129123;2;1
10049017;_instance_hyponym;10927424;1;1
08951077;_instance_hypernym;08524735;92;1
05328867;_hyponym;05532795;1;1
09338712;_part_of;09303647;1;1
00338071;_hyponym;00338736;1;2
05536370;_hypernym;05303402;2;1
10100761;_hyponym;09931165;1;1
01705257;_derivationally_related_form;07258664;2;3
02422663;_hyponym;02510337;29;123
02149297;_hypernym;01864707;1;1
11350705;_instance_hypernym;10084635;1;1
01921591;_hypernym;01921204;1;1
00657016;_derivationally_related_form;01051801;2;2
11579418;_hyponym;12670558;1;1
03588414;_derivationally_related_form;00946105;5;2
09729530;_member_holonym;08847694;1;1
02447793;_derivationally_related_form;01139830;3;3
12957467;_hypernym;13167078;1;1
06005518;_hypernym;06004685;1;1
02213690;_hyponym;00269423;2;2
01984695;_hypernym;01982650;1;1
00632236;_derivationally_related_form;05893356;2;2
01566386;_hypernym;01504437;1;1
02202928;_derivationally_related_form;00818466;2;3
07891726;_hyponym;07900406;1;2
02645007;_derivationally_related_form;00033615;6;11
02578604;_hypernym;01432517;1;1
00195617;_verb_group;00195342;4;2
13100677;_hyponym;12668517;1;1
01654863;_hypernym;01639765;1;1
09044862;_has_part;09105821;1;1
12637729;_member_meronym;12641007;1;1
04356056;_has_part;03976268;1;2
09629752;_derivationally_related_form;01845720;4;2
10770059;_hyponym;10092299;1;1
15026716;_hyponym;14730553;1;1
10069645;_hyponym;10751265;1;1
01865197;_also_see;00643250;8;9
07083441;_derivationally_related_form;00863579;2;2
06055946;_member_of_domain_topic;13503673;1;1
01663401;_hyponym;01665541;5;18
12400261;_member_meronym;12400924;1;3
10576223;_hypernym;00007846;2;1
05296253;_part_of;05461816;1;1
10034614;_derivationally_related_form;01170052;2;2
00712225;_hyponym;00712833;2;2
09026780;_part_of;09023321;4;1
10461424;_hyponym;10226556;1;2
00502415;_hyponym;00502952;1;1
00173338;_hyponym;00197423;2;2
01179707;_derivationally_related_form;02543181;2;2
01012712;_derivationally_related_form;00657260;6;3
00291873;_derivationally_related_form;08646188;2;2
08096301;_hypernym;08149781;40;21
05477686;_has_part;05477305;2;1
00223720;_derivationally_related_form;01327301;3;2
14299637;_hyponym;13513540;2759;2626
08792548;_member_of_domain_region;08011523;5;7
10294602;_hyponym;09862183;1;1
02842303;_hypernym;04565963;2;2
03738241;_hypernym;04377057;2;2
05523269;_hyponym;05526384;1;2
01771535;_hyponym;01830042;1;2
12806015;_member_holonym;12804866;1;1
01654271;_derivationally_related_form;00768921;3;3
08640739;_hyponym;08678615;1;1
00306314;_derivationally_related_form;05623181;11598;12642
09133500;_instance_hypernym;08524735;31;1
02271544;_also_see;00646413;2;5
12611479;_hypernym;11556857;1;1
00090253;_derivationally_related_form;10511069;2;2
01650610;_derivationally_related_form;00235435;3;4
11502102;_derivationally_related_form;00216216;400;114
01572978;_hypernym;01212572;2;1
07555863;_hyponym;07850329;2;2
02466111;_also_see;01222884;6;2
08544813;_hyponym;08702805;2;14
03700963;_hyponym;03566329;1470;6136
08392137;_instance_hyponym;08028623;1;1
01507175;_hyponym;01849747;1;1
09113762;_instance_hypernym;08524735;81;2
01292534;_hyponym;01292727;2;2
09692624;_hyponym;09693372;1;1
01632103;_derivationally_related_form;05891572;2;2
00674607;_hyponym;00677683;2;2
02113430;_derivationally_related_form;00907340;2;2
13023783;_member_meronym;13031690;1;12
02201252;_member_holonym;02199999;1;1
00100253;_hyponym;00545501;3;2
11915899;_hypernym;11915214;8;1
11555413;_member_holonym;11665781;83;17
00331950;_hypernym;00191142;58;7
08860123;_member_of_domain_region;10513509;14719;23860
07889814;_synset_domain_region_of;08860123;1;1
01535842;_member_holonym;01529036;1;2
00353469;_derivationally_related_form;00267855;2;2
03069213;_hypernym;03149951;1;1
03791053;_hypernym;04576211;2;1
02470451;_member_meronym;02489288;1;5
00379440;_hyponym;00378521;1;1
05370125;_hypernym;05418717;1;1
13752033;_synset_domain_region_of;08860123;2144;216
05399847;_synset_domain_topic_of;01471682;17932;268
02552737;_hypernym;01429349;1;1
02677718;_hyponym;03928589;1;1
05204004;_synset_domain_topic_of;08199025;2;1
11571907;_hyponym;11708442;1;1
02036982;_member_meronym;02037110;1;1
05504107;_part_of;05502556;1;1
13658496;_hypernym;13649268;1;1
01448100;_hyponym;01454810;1;4
07317764;_hyponym;07475364;2;2
10518194;_hypernym;10435988;2;2
02140781;_derivationally_related_form;00229260;2;2
03531808;_part_of;04404997;1;1
02538216;_hypernym;02537085;1;1
12060380;_member_holonym;12039743;4;1
02082632;_member_holonym;02082498;1;1
06154464;_hypernym;06153846;2;4
02198996;_hypernym;01762525;1;1
01862557;_hyponym;01875717;1;1
00007846;_hyponym;09899289;1;1
10084635;_instance_hyponym;11319570;1;1
00725274;_derivationally_related_form;07298154;2;2
08142170;_hypernym;08348815;1;1
12974457;_member_holonym;12974286;1;1
05999797;_hyponym;06135915;12504;32540
00996969;_hyponym;00998604;1;1
11720353;_hyponym;11721124;1;1
00745005;_hyponym;00745431;2;4
05496990;_has_part;05499379;1;1
07605474;_hypernym;07597365;1;1
09622302;_hyponym;10198832;1;2
11592146;_hyponym;13020623;1;1
01357831;_hypernym;01296462;2;1
10942144;_instance_hypernym;10020890;1;1
01759326;_hyponym;01760552;1;2
13526110;_hyponym;13428608;1;2
07152463;_hypernym;07152259;1;1
00573932;_hypernym;00126264;2;2
00521562;_derivationally_related_form;01711445;3;3
08904392;_instance_hypernym;08524735;118;1
14786479;_hypernym;00021939;3;2
13576355;_hyponym;13777344;2;2
01074650;_derivationally_related_form;04654337;2;2
05782884;_hyponym;05783357;1;1
02050132;_hyponym;02019574;1;2
08392137;_instance_hyponym;08042183;1;1
01688589;_hypernym;01687665;1;1
01782209;_hyponym;01782516;1;1
10707233;_hyponym;10489944;2;2
10460033;_hypernym;10053808;2;2
02566528;_derivationally_related_form;00068901;5246;11821
00331082;_derivationally_related_form;03724417;2;5
00229026;_hypernym;00109660;2;2
08244062;_derivationally_related_form;10120085;2;2
06755776;_hypernym;06755568;2;1
00917772;_derivationally_related_form;10102506;2;3
02738741;_part_of;02862048;1;1
14560360;_hypernym;13920835;2;2
12529500;_member_holonym;12529353;1;1
01754105;_derivationally_related_form;00113113;4;2
02951170;_derivationally_related_form;01422172;2;2
00046522;_hyponym;00145024;2;2
00621734;_derivationally_related_form;05685030;3;2
07544647;_hyponym;07545161;2;2
09980090;_derivationally_related_form;07049713;2;2
07283608;_hyponym;07475870;2;2
00670261;_hyponym;00673983;2;3
12201166;_hypernym;11575425;1;1
06148148;_hypernym;06143154;2;2
08897065;_part_of;08791167;168;15
00450335;_member_of_domain_topic;01958615;1;1
02072665;_member_holonym;02072209;194;84
01877204;_hypernym;01850315;2;2
05367735;_part_of;05395690;1;1
09824361;_hyponym;09956387;1;2
02092309;_derivationally_related_form;07460104;2;2
00636461;_hyponym;00637145;1;1
11654124;_member_meronym;11654438;2;3
11195619;_instance_hypernym;10301261;1;1
02037090;_derivationally_related_form;09437454;3;6
04169437;_has_part;04593866;1;2
06099269;_member_of_domain_topic;04471632;1;1
01920698;_synset_domain_topic_of;00523513;1;1
01926311;_also_see;02075049;612;6236
09797113;_derivationally_related_form;02565491;2;2
08765460;_instance_hypernym;08633957;242;1
07371293;_hyponym;07397761;1;2
02541875;_hypernym;01432517;81;2
06364329;_hypernym;06362953;2;2
06630017;_hyponym;06631140;1;1
10599806;_derivationally_related_form;01731031;4;2
08274923;_member_of_domain_topic;02397460;1;1
13000668;_hypernym;11592146;1;1
08923755;_instance_hypernym;08524735;85;1
05752544;_hyponym;05755883;2;2
00847683;_hypernym;00846509;1;1
08173515;_member_meronym;08761244;1;1
09051235;_has_part;09103943;1;1
02454119;_member_meronym;02455310;1;1
12402051;_member_holonym;12401122;1;1
01800422;_derivationally_related_form;00271263;5;2
00897026;_hypernym;00894552;2;2
01358328;_derivationally_related_form;08253450;2;2
04497570;_hyponym;03472796;1;1
00336718;_hypernym;00126264;2;2
05520479;_hypernym;05264756;2;2
02662979;_derivationally_related_form;01203676;2;2
06135915;_derivationally_related_form;03002351;3;2
06090869;_member_of_domain_topic;11458624;1;112
02037090;_hyponym;02037839;1;1
00180770;_hypernym;00180413;2;2
01500082;_derivationally_related_form;02818832;2;2
03343853;_hyponym;02759963;2;2
01822724;_derivationally_related_form;13811900;2;2
12623368;_member_holonym;12619306;184;1
04151581;_hypernym;04014297;2;2
08023843;_synset_domain_topic_of;00759694;1;1
02472012;_member_meronym;02474777;1;1
02470451;_member_holonym;02469588;4;2
05055503;_synset_domain_topic_of;00017222;1;1
14501545;_hypernym;14500908;1;1
13104059;_hyponym;12192877;1;2
03318983;_hypernym;04014297;2;2
10786033;_hyponym;10703905;3;2
02079933;_hyponym;02080652;1;1
00832626;_has_part;00659349;2;2
11811473;_hyponym;11812094;1;1
01708676;_derivationally_related_form;00428270;2;3
01747945;_derivationally_related_form;06678302;2;2
00126264;_hyponym;00566569;1;2
06062076;_derivationally_related_form;09919297;3;2
06877849;_hypernym;06877078;1;1
00378042;_hypernym;00140123;2;2
02661252;_hypernym;02666239;2;2
12217211;_member_meronym;12217586;1;1
03776460;_hypernym;04467099;2;1
01015244;_derivationally_related_form;05823932;2;2
06915601;_hypernym;06906439;1;1
09999532;_derivationally_related_form;02253766;2;2
12213635;_member_meronym;12216028;2;4
02330582;_member_meronym;02350845;1;5
01711297;_member_holonym;01710348;1;1
10985440;_instance_hypernym;09805475;1;1
01989869;_hypernym;01974773;1;1
00652346;_derivationally_related_form;05763412;2;3
09235244;_part_of;08831004;1;1
11675096;_hypernym;11675842;1;1
02291940;_member_holonym;02291391;1;1
06845599;_member_of_domain_usage;03739136;1;1
03051540;_hyponym;02742322;2;2
08816236;_member_meronym;09750891;1;1
00126264;_hyponym;00573671;2;2
13423615;_derivationally_related_form;01254013;4;2
00883226;_derivationally_related_form;10274318;2;3
01504437;_hyponym;02045024;1;1
07186148;_hypernym;07185325;2;2
14052403;_hyponym;14400677;1;2
02230782;_member_meronym;02231930;123;304
12514592;_hypernym;13112664;1;1
00771961;_derivationally_related_form;07246582;3;2
10067968;_hypernym;10215623;2;2
13649268;_hyponym;13659943;1;1
00803617;_hyponym;00806902;18;238
09093608;_instance_hypernym;08655464;1;1
02559862;_hypernym;02554730;97;2
02023992;_derivationally_related_form;03386011;3;2
01786419;_hypernym;01785971;1;1
08784905;_part_of;09350045;3;1
00037396;_hyponym;00041188;2;2
03764276;_hyponym;02937336;1;1
00463543;_member_of_domain_topic;00239024;1;4
06350127;_derivationally_related_form;10654015;2;2
01258302;_hyponym;01258642;1;1
12698905;_member_holonym;12694707;1;1
01608086;_member_holonym;01605119;1;1
10557854;_hyponym;10191192;1;2
04103918;_synset_domain_topic_of;02691156;1;1
10020890;_hyponym;10632576;2;5
08920924;_has_part;08925287;1;6
01208597;_hypernym;01207609;2;2
13722757;_has_part;13722522;1;2
02424695;_hyponym;02425228;2;5
02465693;_derivationally_related_form;02120451;4;2
01418037;_synset_domain_topic_of;00243918;2;1
02501101;_hypernym;01342529;1;1
01385017;_hypernym;01384687;2;2
14598079;_derivationally_related_form;01539633;2;3
04916342;_hyponym;04993413;2;2
03309808;_hyponym;03819595;2;2
15278281;_hypernym;15286249;2;2
02464626;_has_part;02463205;1;1
06481320;_hyponym;06491786;2;2
09765278;_instance_hyponym;11189829;1;1
02753255;_derivationally_related_form;00331102;6;5
10148165;_member_holonym;08256735;1;1
01292885;_derivationally_related_form;04613158;3;3
06590885;_synset_domain_topic_of;06677302;1;1
11847841;_member_holonym;11841529;1;1
00739632;_hypernym;00739270;2;1
00344421;_hypernym;00331950;2;2
10347446;_synset_domain_topic_of;08199025;1;1
04530566;_has_part;04117216;1;1
07185325;_derivationally_related_form;00753428;3;2
10247880;_hypernym;00007846;2;1
07752109;_hypernym;07751451;1;1
02338901;_hypernym;02329401;1;1
06431740;_instance_hyponym;06449477;1;1
00504901;_hypernym;00115157;2;2
02652668;_member_holonym;02652335;2;1
00207728;_hyponym;00493929;1;1
09189411;_has_part;08707917;1;1
01523908;_member_meronym;01584004;3;40
11639445;_member_holonym;11638902;1;2
02690708;_derivationally_related_form;08624196;2;2
00395333;_derivationally_related_form;02350175;2;2
13118707;_hyponym;12869478;1;1
01831308;_derivationally_related_form;05685030;6;2
13566535;_derivationally_related_form;00376106;2;2
02163982;_hypernym;01342529;7;1
00873603;_also_see;00884778;2;3
02457058;_derivationally_related_form;00044900;2;2
04889162;_hypernym;04887912;2;2
00264776;_derivationally_related_form;04860586;2;2
01494310;_hyponym;01611240;1;1
02492198;_hyponym;01194418;53;297
08179879;_hypernym;07942152;2;2
07485475;_derivationally_related_form;01188485;2;2
08696931;_instance_hyponym;09011151;1;6
13100677;_hyponym;13148384;1;1
08765069;_instance_hypernym;08691669;10;1
02118333;_hyponym;02120079;1;1
08231499;_member_meronym;08078819;1;1
00188137;_hypernym;00187526;1;1
07105475;_member_of_domain_usage;15267945;1;1
03740161;_hyponym;04166553;2;7
01770967;_member_holonym;01770553;1;1
01388130;_hyponym;01401686;15;42
01880113;_hypernym;01831531;2;2
02224323;_member_holonym;02222718;184;7
03158885;_has_part;03474896;1;2
10379620;_derivationally_related_form;01081152;2;2
10771270;_derivationally_related_form;01041415;2;2
01957591;_member_holonym;01956924;1;1
09168707;_part_of;09057311;106;5
01400044;_derivationally_related_form;00125629;3;2
02154508;_derivationally_related_form;06767035;6;10
00650353;_derivationally_related_form;10012815;2;2
00093979;_hypernym;00241689;1;1
02054966;_member_holonym;02054834;437;97
02647497;_derivationally_related_form;05393023;2;3
08760510;_member_meronym;08761244;2;1
02038357;_derivationally_related_form;05068080;2;3
01194483;_derivationally_related_form;04663763;2;2
00635794;_derivationally_related_form;00575365;2;2
00798245;_hyponym;00798959;1;1
00010241;_hyponym;00102791;2;2
08955626;_instance_hypernym;08700255;2;1
02075462;_hyponym;02030764;1;1
02131279;_hyponym;02152278;1;2
01134781;_derivationally_related_form;00122954;2;2
08566028;_hypernym;08568978;2;2
14083200;_part_of;14086143;1;1
02507649;_hyponym;02508742;1;1
11744859;_hyponym;12872698;1;1
00456596;_verb_group;00456740;2;2
08574314;_instance_hyponym;08715110;3;7
07938773;_hyponym;08373244;2;2
00915830;_hypernym;00941990;2;1
12401122;_member_holonym;12398682;66;1
14462193;_hypernym;14460565;1;1
08818835;_part_of;08815858;1;1
11659627;_member_holonym;11659500;1;1
00241038;_derivationally_related_form;07313004;2;4
00858377;_hypernym;00858188;2;2
00921072;_derivationally_related_form;05919034;2;2
13987423;_hyponym;14051201;2;2
02087122;_hyponym;02092468;2;2
12883395;_hypernym;11579418;1;1
01383896;_hyponym;01401106;1;2
08131530;_has_part;08347704;1;2
02872529;_part_of;03077958;2;1
00369194;_derivationally_related_form;08303504;2;2
15145782;_hypernym;15290337;2;4
01305361;_derivationally_related_form;08640111;127;57
03370927;_synset_domain_usage_of;06845599;6;1
09713501;_member_holonym;08902422;1;1
09334396;_hyponym;09437098;1;1
00306426;_has_part;00306900;1;1
01020005;_derivationally_related_form;06765044;2;2
01950798;_derivationally_related_form;01105259;2;4
06951067;_member_of_domain_usage;10589243;6;1
01629589;_hypernym;01617192;2;2
08024096;_synset_domain_topic_of;00759694;2;1
00164999;_hypernym;00163779;2;1
08441203;_member_of_domain_topic;06552814;1;20
01209678;_derivationally_related_form;05566504;2;5
05652396;_hyponym;05654362;2;4
09609232;_hyponym;10481003;2;2
13572436;_hyponym;13556893;1;1
03122748;_hyponym;03366823;2;2
02579447;_derivationally_related_form;10419047;2;2
07039056;_derivationally_related_form;01707495;2;2
08101410;_derivationally_related_form;01429455;2;2
02016523;_derivationally_related_form;07370125;2;2
01016832;_hyponym;01254253;2;2
00047945;_hyponym;00049309;1;1
06142118;_hypernym;05999797;2;2
08896645;_part_of;08897065;24;1
12423565;_member_meronym;12459471;1;10
01120069;_hyponym;02567519;2;2
07619881;_hypernym;07566340;2;1
01819147;_hyponym;01819554;2;2
01753488;_hypernym;01752165;1;1
10820790;_instance_hypernym;10705615;2;5
02163183;_hypernym;02162947;1;1
15037339;_has_part;15037664;2;2
08209687;_hyponym;08211924;1;1
06013584;_synset_domain_topic_of;06000644;10;1
05748285;_hyponym;05748786;2;2
02624263;_hyponym;02754463;1;1
00710005;_hypernym;00704690;4;2
09760913;_derivationally_related_form;01728355;2;2
01340439;_hyponym;01367266;1;1
01432517;_hyponym;02651412;1;1
02108026;_hypernym;02108377;2;2
01413188;_member_holonym;01412085;2;1
14302261;_derivationally_related_form;02616627;2;2
11217479;_instance_hypernym;10794014;1;1
00955060;_instance_hyponym;01289631;1;1
11683989;_derivationally_related_form;01500873;3;2
01217043;_derivationally_related_form;03421117;2;2
12423565;_member_meronym;12473011;1;17
07211752;_derivationally_related_form;00066025;2;2
05514272;_hypernym;05514081;1;1
11835451;_hypernym;11573660;1;1
06180720;_hypernym;05870916;2;2
09252078;_instance_hypernym;09411430;246;1
03852280;_has_part;03656484;1;2
01467180;_member_meronym;01467504;1;3
08792548;_has_part;08797840;22;585
06609503;_hypernym;06607339;2;1
00043765;_derivationally_related_form;02603699;2;2
00207306;_hypernym;00206927;1;1
13016457;_member_holonym;12998349;4;1
06151693;_hypernym;06143154;2;1
13166338;_hyponym;13179410;1;1
01696648;_hypernym;01675963;12;2
03075191;_derivationally_related_form;06974127;3;2
11886788;_hypernym;11575425;1;1
01374465;_derivationally_related_form;09397607;2;2
08225090;_hyponym;08225334;1;1
08152657;_member_meronym;10547145;2;2
01834896;_verb_group;01835103;2;2
02766792;_hypernym;03452741;1;1
08441203;_member_of_domain_topic;09962612;1;7
03530910;_has_part;03532187;2;1
01771390;_hypernym;01767949;3;2
08023843;_instance_hypernym;08392137;1;1
13000372;_member_meronym;13004160;1;2
02243351;_member_holonym;02241184;17;1
08928933;_instance_hypernym;08524735;43;1
00455529;_derivationally_related_form;00252430;2;2
10387712;_synset_domain_region_of;08860123;254;1
11922374;_member_holonym;11921949;1;1
10204177;_instance_hyponym;11115558;1;1
14863521;_hypernym;14859838;1;1
13137409;_has_part;07742704;1;1
00881329;_hypernym;00880978;1;1
04543772;_has_part;04283378;1;1
09614047;_derivationally_related_form;00264776;2;2
12079737;_hypernym;11556857;1;1
11795366;_hypernym;11556857;1;1
00198793;_hypernym;00191142;2;2
02183697;_member_holonym;02159271;11;2
00977153;_hypernym;00976653;2;2
00417643;_derivationally_related_form;01424948;2;2
07705931;_hyponym;07762534;1;1
10060352;_derivationally_related_form;00796886;2;2
00574996;_derivationally_related_form;07416107;2;3
06584891;_hypernym;06355894;16;5
10632576;_hyponym;10354265;1;2
08815046;_member_meronym;09693809;1;1
02221240;_member_holonym;02219234;1;1
02124748;_hypernym;02106506;4;2
09044862;_member_of_domain_region;07647496;1;5
06335832;_hypernym;06333653;8942;19047
12574727;_hypernym;11585340;1;1
00040962;_derivationally_related_form;02724417;3;2
07086518;_derivationally_related_form;01880113;4;2
12906498;_member_holonym;12906334;1;1
12194776;_member_meronym;12195965;1;1
04217882;_derivationally_related_form;01498319;2;2
12154628;_member_meronym;12154773;1;1
03339296;_hypernym;04188643;2;2
04029734;_hypernym;04421872;1;1
13920835;_hyponym;14422179;50;260
15237782;_hypernym;15236475;2;2
13753740;_synset_domain_region_of;08929922;25;1
02428487;_derivationally_related_form;00053913;2;3
15163005;_hypernym;15157041;26;3
01518924;_hyponym;01519569;1;1
02996840;_hyponym;02989475;1;1
00523513;_member_of_domain_topic;01084466;1;1
08929243;_has_part;08929555;1;1
07842753;_hyponym;07866571;1;1
00236581;_derivationally_related_form;02007417;2;2
05229468;_hyponym;05254393;1;1
01792097;_hypernym;01790020;2;1
08715952;_instance_hypernym;08524735;118;1
04003241;_hypernym;04330340;1;1
06004685;_member_of_domain_topic;08648153;1;16
01762525;_hyponym;01981137;3;124
04987620;_derivationally_related_form;00982293;2;2
10274639;_hypernym;09931267;1;1
14622893;_hyponym;14653416;1;1
02604477;_hyponym;02660442;2;2
10435988;_derivationally_related_form;01507143;3;4
07712559;_hypernym;07712382;1;1
13412321;_derivationally_related_form;01001857;4;3
01850315;_hyponym;02093610;1;2
02594552;_hypernym;02594250;1;1
09772029;_hyponym;10804287;1;1
07950920;_hyponym;08367880;2;2
02913152;_hyponym;03322570;2;2
07311115;_derivationally_related_form;01835496;4;2
01548143;_member_holonym;01547459;1;1
10142537;_synset_domain_region_of;08984788;35;1
08394423;_hypernym;08191230;1;1
12915400;_member_holonym;12914433;1;1
02244963;_hypernym;01759182;1;1
07182744;_hypernym;07183151;1;1
02213690;_hyponym;02214485;2;2
08672738;_instance_hyponym;09152570;1;1
02932891;_derivationally_related_form;01844653;2;2
00652659;_hypernym;00633864;2;1
03493333;_part_of;03082979;2;1
05459953;_hypernym;14867858;1;1
03270165;_has_part;04304375;1;2
02305245;_member_holonym;02273545;13;1
00126264;_hyponym;00544549;2;2
02554730;_hyponym;02572196;1;1
05009170;_hyponym;05019661;2;2
00553362;_derivationally_related_form;01103836;2;2
07884567;_hyponym;07907943;2;2
00475647;_derivationally_related_form;00252430;2;2
00067274;_derivationally_related_form;09860940;2;2
00514396;_derivationally_related_form;01387786;2;2
06000644;_member_of_domain_topic;00665630;1;11
02087156;_hypernym;02077656;2;4
03485997;_hyponym;03785142;1;2
00518653;_hypernym;00313987;2;2
00369138;_derivationally_related_form;02028994;2;3
07094093;_hyponym;07094355;1;1
07443010;_derivationally_related_form;01521124;2;2
04670746;_hyponym;04671841;1;1
06838652;_part_of;06498569;2;5
07969695;_hyponym;07970406;2;2
02329883;_derivationally_related_form;04322026;2;2
07269916;_hypernym;06806469;2;2
00768353;_hypernym;00766234;2;1
11746776;_member_meronym;12486732;3852;5765
05943300;_hyponym;05958549;1;1
06295235;_member_of_domain_usage;03825080;1;4
01762525;_hyponym;02276527;1;1
09215664;_instance_hyponym;09226209;1;2
02832168;_hyponym;04011409;1;1
01798100;_hypernym;01770501;2;2
13196545;_member_holonym;13192025;28;1
01471682;_has_part;05563034;2;2
01785831;_member_holonym;01784427;2;1
08441203;_member_of_domain_topic;00906367;1;20
09908025;_hyponym;10023039;1;1
01505254;_verb_group;02098458;2;5
02346136;_hyponym;02345856;2;2
01409065;_hypernym;01387617;1;1
01835496;_also_see;01992503;2;4
14476205;_hypernym;14475405;1;1
10632576;_hyponym;10488016;1;2
01421622;_hypernym;01296462;2;2
02046755;_derivationally_related_form;00343249;4;3
01400856;_hypernym;01400044;2;1
00931847;_derivationally_related_form;01644746;2;2
08860123;_member_of_domain_region;00504844;1;2
00667424;_hypernym;00666886;2;2
07184735;_derivationally_related_form;00774056;2;2
00644583;_hyponym;00647929;2;2
00783042;_hypernym;00782527;2;1
02120140;_derivationally_related_form;14361664;2;2
02072673;_hypernym;01992503;2;1
08720481;_has_part;09341673;1;1
13111174;_hyponym;11714382;1;1
10294602;_hyponym;10433452;1;1
04695176;_derivationally_related_form;00286605;2;2
12548280;_member_holonym;12548134;1;1
10207514;_hypernym;10305802;2;2
05689249;_hyponym;05689801;8132;14702
01014990;_hyponym;01015310;2;2
00339085;_derivationally_related_form;00358089;2;2
04643221;_hypernym;04623612;2;2
02646757;_derivationally_related_form;13253751;3;2
01543998;_verb_group;01543123;2;2
03258730;_hypernym;03121897;1;1
08775597;_instance_hypernym;08574314;7;1
06213688;_derivationally_related_form;09755398;2;2
06158346;_member_of_domain_topic;05974798;1;1
02130308;_member_holonym;02130190;1;1
04188368;_part_of;04194289;2;2
01292534;_hypernym;01354673;2;2
01521367;_derivationally_related_form;10016954;2;2
11864602;_member_meronym;11866078;1;1
08103777;_member_holonym;08102555;10;3
13096317;_hypernym;13095685;1;1
08774073;_instance_hypernym;08524735;35;1
02156532;_hypernym;05559908;2;2
08493261;_part_of;09023321;100;1
03966976;_synset_domain_usage_of;06295235;114;1
11804082;_member_meronym;11804604;1;2
01896478;_also_see;00921014;2;2
12339319;_hypernym;11567411;1;1
07939159;_hypernym;00031264;2;2
07270179;_derivationally_related_form;00508032;2;2
03002351;_derivationally_related_form;13523661;2;3
09023118;_part_of;09275473;1;1
13083586;_hyponym;13121544;2;2
06333653;_hyponym;06335832;17368;8707
07200527;_hyponym;07200813;1;1
12283981;_member_meronym;12285512;1;1
01342124;_derivationally_related_form;03829563;2;2
00852685;_hypernym;00851933;29;23
05902545;_hypernym;05898568;8;3
01821727;_member_meronym;01821869;1;1
13659419;_has_part;13659162;3;3
01662784;_hyponym;01669191;1;1
00031921;_hyponym;05074774;2;6
14299637;_hyponym;14359952;1;2
00803617;_hyponym;01145359;2;2
04633197;_hypernym;04632157;2;2
07498854;_hypernym;07497473;2;2
10728998;_derivationally_related_form;02530167;5;2
05269901;_hyponym;05279026;2;5
00606370;_derivationally_related_form;01658762;2;2
01507175;_hyponym;01530256;1;1
05967191;_hypernym;05943300;1;1
06845599;_member_of_domain_usage;04011409;1;1
03691128;_hyponym;02847942;1;2
00139919;_synset_domain_topic_of;00469651;19;1
07578879;_hyponym;07579076;2;2
08731606;_has_part;08716738;1;2
10180178;_hyponym;10700640;2;2
12714949;_member_holonym;12714550;1;1
03900509;_hyponym;04120842;1;1
07233996;_derivationally_related_form;00865958;2;2
09615807;_derivationally_related_form;00710005;10;3
08944818;_part_of;08929922;38;1
01090446;_member_of_domain_topic;02298471;1;1
14636523;_hypernym;14622893;1;1
05983217;_hypernym;05982152;2;2
06122178;_hypernym;06115476;1;1
02858304;_hyponym;04495843;1;3
00040353;_hyponym;00039950;1;2
05697976;_derivationally_related_form;00688377;2;2
14780267;_derivationally_related_form;00237877;2;2
00618451;_derivationally_related_form;04743024;2;2
11911274;_member_meronym;12167749;1;2
10127273;_hypernym;10287213;32784;24515
02471467;_member_meronym;02472012;1;2
08801546;_instance_hypernym;09032191;1;3
06917083;_derivationally_related_form;03108623;2;2
00692143;_derivationally_related_form;07500414;2;2
00102791;_hyponym;00102974;1;1
02298160;_derivationally_related_form;08424951;2;4
00080169;_hypernym;00078760;2;1
02942699;_has_part;03340723;1;2
01867295;_derivationally_related_form;01627355;2;2
00369399;_derivationally_related_form;01387786;2;2
11944196;_hypernym;13085113;2;1
02470175;_hypernym;02469835;2;2
13104059;_hyponym;12334293;2;2
01542207;_derivationally_related_form;10587378;2;5
12745788;_member_holonym;12740196;9;1
00734927;_derivationally_related_form;15159583;3;2
08821578;_has_part;08821187;1;1
07208708;_hypernym;07208338;2;2
00759694;_member_of_domain_topic;08021129;1;1
02873623;_hypernym;02944826;1;1
00503237;_member_of_domain_topic;02980625;1;1
02299924;_hypernym;02298632;1;1
03122748;_hyponym;04151940;2;2
01021794;_synset_domain_topic_of;00903559;1;1
13491060;_part_of;13538314;2;1
08518505;_hyponym;08695539;3;2
00313987;_hypernym;00126264;3;2
14724025;_hypernym;14723079;2;1
03351768;_member_holonym;03351434;1;1
02696801;_hyponym;02696503;1;2
07221094;_hypernym;06598915;2;2
11797016;_member_holonym;11796744;3;1
08617963;_hypernym;08664443;5;2
08414807;_derivationally_related_form;00625963;2;3
02397529;_hypernym;02394477;2;1
09634494;_hypernym;00007846;7;4
01275389;_synset_domain_region_of;09140148;1;1
09877587;_derivationally_related_form;02326355;3;2
09624980;_hyponym;10032524;2;2
03082979;_member_of_domain_topic;05728493;1;2
09679708;_hypernym;09678009;1;1
00845178;_hypernym;13440063;409;34
12423565;_member_meronym;12465796;1;10
01680264;_member_holonym;01680137;1;1
11719468;_member_meronym;11735822;1;7
01190277;_derivationally_related_form;09782167;3;2
08524735;_instance_hyponym;09158268;1;81
08199025;_member_of_domain_topic;01075117;1;7
11573660;_hyponym;11858406;1;1
05461179;_has_part;05238282;2;2
13122364;_hyponym;11721642;1;1
05794403;_hypernym;05793000;2;2
06828818;_hyponym;06836929;1;1
07916970;_hypernym;07885223;2;1
03319858;_synset_domain_usage_of;06845599;1;1
10778345;_instance_hyponym;11282802;1;1
12358293;_has_part;07822323;257;610
01024190;_derivationally_related_form;06763681;2;2
03441778;_synset_domain_usage_of;06845599;28;1
07350401;_derivationally_related_form;01892608;2;3
06888345;_derivationally_related_form;02139883;2;2
04760296;_hypernym;04761517;1;1
01812720;_hyponym;01818235;2;2
01448951;_hyponym;01449374;1;1
02535909;_member_meronym;02536456;1;1
00417001;_derivationally_related_form;03118539;2;3
01650610;_hyponym;02395782;1;2
00808191;_similar_to;00808614;122;114
12171966;_member_holonym;12171750;1;1
07032753;_synset_domain_topic_of;07071942;1;1
04038109;_hypernym;04037625;1;1
08524735;_instance_hyponym;09008723;1;4
08011523;_synset_domain_region_of;08798771;3;1
01232298;_derivationally_related_form;07538395;2;2
13122364;_hyponym;12298165;1;1
09711530;_member_holonym;08783583;1;1
08510666;_hyponym;08629508;2;2
02371811;_hypernym;02367363;2;2
10162780;_synset_domain_usage_of;07075172;6;1
02642610;_hypernym;02641957;1;1
11740208;_member_holonym;11739530;1;2
07526505;_hypernym;07526338;1;1
13489037;_hyponym;13543564;1;1
02854156;_hyponym;03630544;1;1
00722232;_hyponym;02153253;1;2
05943300;_hyponym;05961278;1;1
00356199;_hypernym;00351638;19;2
08912703;_instance_hypernym;08524735;52;1
00229026;_derivationally_related_form;14836960;2;4
00146138;_hyponym;00203866;2;4
02607630;_member_holonym;02553196;6;2
02325211;_member_holonym;02323715;1;1
02503803;_hypernym;02501738;2;2
15124545;_has_part;15124713;1;1
00073343;_derivationally_related_form;13473097;2;2
01292928;_instance_hypernym;00956485;2;1
07809368;_hyponym;07822323;1;1
13617308;_synset_domain_topic_of;00922327;1;1
01551871;_derivationally_related_form;00937656;2;3
00264776;_also_see;00251809;2;4
08704822;_has_part;08705251;2;1
00667747;_derivationally_related_form;10510546;2;3
07275489;_hypernym;07274425;1;1
12633386;_member_meronym;12633638;1;1
02916350;_hypernym;04008634;1;1
01698271;_hyponym;01700934;2;3
02575766;_member_meronym;02576223;1;1
01619725;_hyponym;01658586;1;1
08685677;_instance_hyponym;08686821;1;1
04636610;_hypernym;04636397;1;1
05867413;_hyponym;15257692;5;2
08101410;_member_holonym;08110373;3;2
00914421;_also_see;01837744;4;4
00390735;_derivationally_related_form;01700326;264;448
02280223;_member_holonym;02273545;3;1
12200315;_member_meronym;12200504;2;1
03736970;_hyponym;04590746;2;2
04072193;_derivationally_related_form;00299341;2;2
11727976;_hypernym;11571907;1;1
04626280;_hyponym;04627000;1;1
05554405;_hypernym;05554189;2;2
09257949;_hyponym;09223725;15100;25738
12056217;_hypernym;12041446;2;1
00661091;_derivationally_related_form;10707233;2;3
14526182;_derivationally_related_form;02134350;2;2
05279026;_part_of;01471682;2;2
10014939;_derivationally_related_form;02443049;2;3
13104059;_hyponym;11772879;1;1
01585890;_member_holonym;01584004;1;1
10617193;_hypernym;10642151;10;4
02203362;_hyponym;02204242;2;3
14070360;_hyponym;14071235;1;2
02052675;_derivationally_related_form;15287830;2;2
08438533;_member_meronym;08439476;1;1
00572186;_hypernym;00126264;2;2
08199025;_member_of_domain_topic;00521970;1;7
02568884;_derivationally_related_form;10626194;2;2
00543410;_derivationally_related_form;13464820;2;2
02106506;_hyponym;02107588;2;5
01759182;_hyponym;02175263;1;1
08524735;_instance_hyponym;09131205;1;70
04076846;_hypernym;03129123;2;3
10582154;_hyponym;10292192;1;1
01702154;_derivationally_related_form;09784564;2;6
05623181;_derivationally_related_form;00306314;12114;11238
03484083;_has_part;03485997;2;2
11575425;_hyponym;12201456;1;1
01679669;_derivationally_related_form;07672421;2;3
08188449;_member_meronym;09920901;2;1
04955160;_derivationally_related_form;01245637;4;2
03054098;_hyponym;03756184;1;1
13439390;_hypernym;13526110;2;1
02120692;_member_meronym;02128120;1;1
02453321;_hypernym;02452885;2;1
13453160;_hyponym;13484644;1;1
00543233;_member_of_domain_topic;01728355;1;2
00559102;_derivationally_related_form;10056103;3;3
00887081;_hyponym;00892861;2;2
10027246;_hyponym;10531557;1;1
02339413;_hyponym;02341684;2;2
12707781;_hyponym;12712320;1;1
00019613;_hypernym;13809207;13767;1917
14580897;_hyponym;14991712;2;2
08230219;_hypernym;08227214;1;1
01236164;_hyponym;01240308;1;2
06778925;_hypernym;06778102;1;1
07400361;_derivationally_related_form;02188587;2;3
01211699;_hyponym;01586278;2;2
09223725;_hypernym;09257949;25408;14122
06792526;_synset_domain_region_of;08860123;1;1
09353437;_part_of;08849753;1;1
03592245;_hypernym;03111690;3;2
01560984;_derivationally_related_form;07313814;3;3
04568298;_hypernym;03178782;2;2
01746565;_member_holonym;01744657;46;1
03566329;_hypernym;03700963;5135;1384
08945821;_instance_hypernym;08698379;1;1
08879388;_instance_hypernym;08524735;141;1
00081671;_also_see;00262792;2;2
05093581;_hyponym;05137165;1;2
00793271;_derivationally_related_form;08479615;2;2
13384164;_hypernym;13281275;2;1
01944466;_hypernym;01974062;2;1
07289588;_derivationally_related_form;00925490;2;2
00853195;_derivationally_related_form;07215568;3;2
08441203;_member_of_domain_topic;10226060;1;18
04425262;_hypernym;03713736;1;1
06877742;_derivationally_related_form;00034758;2;2
04018399;_synset_domain_region_of;08860123;2;1
01512625;_hyponym;01512921;1;1
00582145;_derivationally_related_form;04631700;2;2
14526764;_derivationally_related_form;02363358;2;2
00875394;_hyponym;00879356;2;2
00947857;_derivationally_related_form;00634586;24326;21588
14935555;_hyponym;14824238;1;1
00687295;_derivationally_related_form;09779124;2;2
01657723;_hyponym;01693995;1;1
09471638;_part_of;09167101;11;1
02503127;_member_holonym;02502902;176;4
01424607;_member_meronym;01425076;1;1
00849788;_derivationally_related_form;06780069;2;2
00717208;_hyponym;00717748;2;2
09360122;_instance_hyponym;09459114;9;340
00004475;_hypernym;00004258;2;2
04446276;_hyponym;04558478;1;1
01380122;_derivationally_related_form;00367976;4;2
10466198;_derivationally_related_form;00901103;4;2
00565279;_hypernym;00109660;2;1
11743772;_hypernym;11743294;1;1
07154330;_derivationally_related_form;02937108;2;2
03003730;_hyponym;02921884;7359;17380
01850315;_hyponym;01435380;5;4
02566528;_derivationally_related_form;09633969;2;2
00277811;_derivationally_related_form;00216216;2;2
05497363;_part_of;05491612;1;1
00943837;_hyponym;00930368;2;2
12367611;_member_holonym;12367306;1;1
00955060;_hyponym;00955565;1;1
00346991;_also_see;01754421;2;4
03051540;_derivationally_related_form;00052374;2;2
01530431;_derivationally_related_form;05582859;2;2
08208016;_hypernym;08008335;8;4
05159495;_hypernym;05159225;1;1
01672168;_derivationally_related_form;04568713;3;2
10175725;_hypernym;09977660;1133;344
03040974;_derivationally_related_form;01392380;2;2
01193099;_derivationally_related_form;00759186;2;2
02430929;_member_holonym;02429695;1;1
03070193;_hypernym;02670382;1;1
13134302;_hyponym;12459629;1;1
07411350;_derivationally_related_form;02033295;2;2
12647560;_hypernym;12647376;1;1
08524735;_instance_hyponym;09065328;1;5
02942699;_has_part;04211528;1;2
02082056;_member_holonym;01886220;11;1
01424456;_derivationally_related_form;05553486;2;3
00076072;_derivationally_related_form;02527651;2;2
07243837;_synset_domain_topic_of;01032368;5;1
01534609;_derivationally_related_form;00278221;3;2
09020299;_instance_hypernym;08524735;108;1
04952570;_hypernym;04952242;3;1
03579355;_derivationally_related_form;01675963;4;2
11553763;_hyponym;11664090;1;1
01628885;_member_meronym;01631035;1;2
00389238;_derivationally_related_form;05001867;2;2
05264081;_hyponym;05264247;1;1
02409941;_derivationally_related_form;06520944;2;2
00705580;_hypernym;00661091;2;2
10285313;_hyponym;10591949;1;1
10527334;_hyponym;10210137;2;2
00080705;_synset_domain_topic_of;00612160;6;1
10551265;_synset_domain_topic_of;15259284;1;1
02716866;_hyponym;04443588;1;1
02025550;_derivationally_related_form;00827782;3971;4863
10362003;_hypernym;00007846;2;1
02570267;_hypernym;02514187;2;2
04017137;_hyponym;03479647;1;2
01292727;_derivationally_related_form;09334396;4;2
13459322;_hyponym;13541798;1;1
07105475;_member_of_domain_usage;00036580;1;1
00751887;_derivationally_related_form;08190292;2;4
01684133;_hyponym;01684578;1;1
11867525;_member_meronym;11896904;1;1
06155075;_hypernym;06153846;2;4
00464962;_also_see;01430847;2;2
09089923;_instance_hypernym;08524735;61;1
09641757;_hyponym;09673495;2;5
00511817;_derivationally_related_form;02418421;3;3
02140033;_derivationally_related_form;00522145;3;2
01932800;_member_holonym;01929396;1;1
00334935;_derivationally_related_form;01499265;2;2
11511765;_derivationally_related_form;00835903;3;2
02395406;_derivationally_related_form;02395694;2;2
14681555;_hyponym;14680261;1;1
00935940;_derivationally_related_form;01643464;3;2
10343554;_instance_hyponym;10854397;1;1
01225562;_derivationally_related_form;00011551;2;2
12163824;_has_part;07755411;1;1
04894204;_hypernym;04894037;1;1
11562747;_hyponym;12391745;1;1
08524735;_instance_hyponym;08910230;1;141
10037922;_hypernym;10515194;2;1
09217638;_hyponym;09376526;2;1
03639497;_hypernym;04402057;1;1
01483779;_hypernym;01463963;2;2
15146004;_hypernym;15290337;1;1
09258715;_hyponym;09443136;1;1
02795169;_has_part;03533972;1;2
02987047;_hypernym;03574816;2;2
02418686;_hypernym;02419073;28296;9224
08698379;_instance_hyponym;08777544;1;1
02119874;_derivationally_related_form;14180327;16;40
07286368;_hypernym;07286014;2;2
02950154;_derivationally_related_form;07115914;2;2
01850315;_hyponym;02056466;1;2
09184136;_hypernym;09183693;2;2
01639714;_hypernym;01631534;2;2
04179385;_hyponym;03428805;1;1
11608250;_hyponym;11614713;1;1
01558765;_hypernym;01557185;1;1
07388987;_derivationally_related_form;01247804;3;4
07027180;_hypernym;07020895;2;2
09426788;_has_part;09313716;1;2
12812665;_member_holonym;12811856;1;1
01659248;_hyponym;01660252;3;2
07965085;_hyponym;08381436;2;2
00010435;_hyponym;02011685;2;3
11739809;_member_holonym;11739530;24;1
00181781;_member_of_domain_topic;09612291;1;1
01495701;_hyponym;01501160;1;1
06236802;_hypernym;05946687;2;3
01522276;_derivationally_related_form;07441619;77;105
11564734;_hyponym;12723985;1;1
04081844;_hyponym;02890940;1;2
08524735;_instance_hyponym;08714966;1;1
03234306;_hyponym;03186399;1;2
02185167;_member_holonym;02185007;1;1
02711114;_hypernym;02700867;2;2
12739801;_member_holonym;12739595;1;2
03466162;_has_part;04551375;1;2
02229828;_hypernym;02229550;1;1
06875094;_hypernym;06873571;2;2
01960779;_synset_domain_topic_of;00299217;1;1
06361770;_hyponym;06352782;1;1
09188094;_part_of;09198106;2;1
06732710;_derivationally_related_form;01015244;2;3
01800195;_hypernym;01799302;1;1
01441510;_hyponym;01442203;1;2
00061401;_hypernym;00061595;30;23
14991712;_hyponym;14991927;2;2
02647903;_member_meronym;02648035;1;1
00784388;_hypernym;00768701;2;2
02367363;_hyponym;02641463;2;3
04230808;_hypernym;03419014;1;1
12994979;_member_meronym;12995724;1;2
02397637;_hyponym;02398314;1;1
06682494;_hypernym;06682290;2;2
01422172;_hypernym;01421622;2;1
05946687;_member_of_domain_topic;06684798;1;8
09051898;_instance_hypernym;08574314;1;1
07230502;_hypernym;07160883;2;2
03401721;_part_of;03791235;2;2
10315561;_derivationally_related_form;13655262;4;2
03540267;_synset_domain_region_of;08860123;30;1
01140315;_derivationally_related_form;07797641;2;2
01528821;_derivationally_related_form;13496286;2;2
02214972;_member_holonym;02205896;11;3
01249724;_hyponym;01250474;2;2
08365855;_derivationally_related_form;00409281;3;4
02678070;_hypernym;02422026;1;1
01943406;_also_see;02498708;2;2
04519887;_part_of;02862048;1;1
05294606;_derivationally_related_form;00027268;2;2
10294602;_hyponym;10567172;1;1
08726582;_part_of;08725692;1;1
00888796;_hypernym;00887081;2;2
07486628;_hyponym;07487063;1;1
00486557;_hypernym;00486018;1;1
10319580;_derivationally_related_form;07255998;2;2
03118539;_hyponym;04394031;2;2
05405324;_hypernym;13771404;2;2
09014979;_has_part;09263087;1;1
03823540;_synset_domain_region_of;08860123;2;1
00156101;_also_see;00082241;3;3
14627820;_derivationally_related_form;01338113;2;2
05415395;_hypernym;05404728;1;1
10634316;_derivationally_related_form;00633443;3;2
02205272;_hyponym;02304648;2;2
12039743;_member_meronym;12051285;1;39
08803382;_instance_hyponym;08811982;1;1
01569181;_derivationally_related_form;00225593;2;3
01675190;_also_see;01282014;24415;27011
00773432;_derivationally_related_form;07183151;4;2
05844105;_hypernym;05839024;2;3
00376106;_hypernym;00443984;7023;1557
11579418;_hyponym;12833341;1;1
01105639;_hyponym;01106670;1;1
01097500;_derivationally_related_form;15293590;2;5
05430628;_hyponym;05459232;2;2
08441203;_member_of_domain_topic;01191975;1;12
10299700;_derivationally_related_form;00855674;3;2
13027190;_member_holonym;13026763;1;1
11585340;_hyponym;12521847;1;1
03082807;_derivationally_related_form;01387786;2;2
11579418;_hyponym;11960540;1;1
13208468;_member_holonym;13205482;1;1
10754449;_derivationally_related_form;02566528;2036;532
01958868;_synset_domain_topic_of;00299217;1;1
05464685;_has_part;05468523;1;1
14123259;_hypernym;14123044;1;1
01218766;_derivationally_related_form;01778017;2;2
02125311;_member_holonym;02121234;12;1
03118539;_derivationally_related_form;02666691;3;2
13194036;_hypernym;13193642;1;1
02215966;_hypernym;02271137;2;2
12320010;_hyponym;12321669;1;1
00126264;_hyponym;00405853;1;1
09977660;_hyponym;09810707;1;2
04363991;_synset_domain_region_of;08860123;7;1
13504739;_part_of;13516597;1;1
14862753;_hypernym;14739360;1;1
08211290;_hyponym;08211475;1;1
02130300;_hypernym;00644583;2;3
00437852;_also_see;01507402;2;2
08571275;_hypernym;08523483;3;2
01911511;_member_meronym;01912272;2;2
03044934;_derivationally_related_form;01456463;2;2
02376958;_hypernym;02367363;47;12
01206218;_hyponym;01400044;2;3
00904690;_derivationally_related_form;06740644;4;3
00276987;_derivationally_related_form;00493259;2;2
00015388;_hyponym;01315213;2;2
01949007;_hypernym;01955984;1;1
00539510;_hypernym;00539121;1;1
08593262;_hyponym;08679369;2;2
02474780;_hypernym;00884540;2;2
11416988;_hypernym;11410625;2;1
07687789;_hyponym;07689003;16093;14304
00609506;_hypernym;00609683;2;2
08441203;_member_of_domain_topic;10786517;1;66
09636339;_synset_domain_usage_of;07073447;1;2
02534559;_hyponym;02538406;1;1
05406782;_hypernym;05397468;1;1
09475292;_instance_hyponym;09232165;1;17
07976936;_derivationally_related_form;02490430;2;2
00202236;_derivationally_related_form;06756407;2;3
00836236;_derivationally_related_form;10685853;2;4
06407094;_hypernym;06362953;2;2
03525827;_hyponym;04538552;1;1
04768657;_derivationally_related_form;00404642;5;2
01947735;_hypernym;01945845;2;1
00058519;_derivationally_related_form;02015598;2;2
14052046;_hyponym;14213199;2;2
13470491;_hypernym;13457378;1;1
08851500;_instance_hypernym;08633957;1;1
01866192;_derivationally_related_form;04101497;2;3
10434725;_derivationally_related_form;01645421;9;62
13112664;_hyponym;11938261;1;1
05835747;_hyponym;05855125;65;714
09437369;_derivationally_related_form;01558883;2;2
04617562;_hypernym;00024264;3;2
00394813;_hypernym;00140123;3;3
02242464;_synset_domain_topic_of;01090446;1;1
01923171;_member_holonym;01313093;2;1
05803379;_hyponym;05804136;1;1
08766988;_has_part;08772667;11;318
00645552;_derivationally_related_form;00152727;2;3
00835506;_derivationally_related_form;10256537;11;4
02528534;_member_meronym;02538730;1;1
02497586;_derivationally_related_form;03044083;3;2
02996904;_derivationally_related_form;06372095;2;2
12353754;_member_holonym;12353604;1;1
00062582;_derivationally_related_form;02758960;2;2
01216522;_hyponym;01424456;2;4
00044150;_hypernym;00030358;3;2
02186690;_hypernym;02179518;2;1
09698108;_member_holonym;08730550;1;4
08691669;_instance_hyponym;08947617;2;14
01507402;_derivationally_related_form;04831031;2;2
13192625;_member_holonym;13192025;37;1
03075191;_derivationally_related_form;09714429;2;2
01759182;_hyponym;02193799;1;1
05667196;_hyponym;05667404;2;2
09029457;_has_part;09029884;1;1
01602318;_derivationally_related_form;14002279;2;2
03357081;_hypernym;04489008;1;1
08303275;_hyponym;08304135;2;2
13860793;_hyponym;13914608;2;2
00471613;_member_of_domain_topic;10708976;1;1
05260240;_hypernym;05256862;1;1
04179385;_hypernym;03816849;2;2
03120778;_hypernym;04105893;3;2
01972976;_derivationally_related_form;07344233;2;2
03733925;_hyponym;03071552;1;2
05011790;_hypernym;05009170;2;2
12992022;_member_holonym;12991488;1;1
15068436;_hypernym;14818238;2;2
01445407;_hypernym;01441100;2;2
00796976;_derivationally_related_form;10616379;2;4
00140751;_hypernym;00138508;2;2
08703454;_has_part;09384223;2;1
06394701;_hypernym;06598915;2;2
12326842;_member_meronym;12327022;1;1
04975340;_derivationally_related_form;00574735;2;3
01397088;_hypernym;01400044;1;1
01947352;_hypernym;01946996;1;1
01548301;_hypernym;01547832;1;1
01128193;_derivationally_related_form;04014297;6;8
00660102;_derivationally_related_form;14429985;4;2
00558008;_synset_domain_topic_of;00463543;1;2
02429695;_member_meronym;02435386;1;1
00284798;_hyponym;00291286;2;6
12332218;_member_holonym;12331415;1;1
03611590;_hypernym;03433434;538;190
07911677;_hyponym;07915618;1;1
11799732;_member_holonym;11799520;109;2
09063673;_instance_hypernym;08638442;351;2
01918803;_hypernym;01904930;8;2
12020507;_member_holonym;12020388;1;2
11648617;_hypernym;11554175;1;1
13316332;_hypernym;13313899;1;1
01759182;_hyponym;02199999;1;1
01886220;_member_holonym;01861465;3;2
10566072;_instance_hyponym;11128394;1;1
07142365;_hypernym;07140659;2;2
03977966;_hypernym;04520170;1;1
12370011;_member_meronym;12370174;1;1
10557854;_hyponym;10456696;1;2
00854000;_derivationally_related_form;01426153;2;4
07805254;_derivationally_related_form;01593937;3;2
10110287;_hypernym;10245639;2;1
03928116;_hyponym;03452741;2;2
02279442;_member_holonym;02273545;13;1
06669864;_synset_domain_topic_of;06000644;2;1
14531392;_hypernym;14531983;2;2
00307631;_hypernym;00306426;91;50
09673495;_member_holonym;08900535;2;1
04987620;_hyponym;04990021;1;1
00187526;_derivationally_related_form;03573282;2;3
09760913;_hypernym;10340312;1;1
00611802;_derivationally_related_form;05761918;2;3
00781000;_hyponym;02684453;1;1
15181718;_has_part;15241777;1;1
00028362;_hypernym;00022686;7;7
10271216;_derivationally_related_form;02151966;2;2
07048000;_derivationally_related_form;01729431;5;2
03534776;_hypernym;04517823;1;1
00289082;_also_see;01752167;2;5
10527334;_instance_hyponym;11366405;1;1
12213635;_member_meronym;12222715;2;89
01904930;_hyponym;01919391;1;3
00007846;_hyponym;09626031;2;2
11456273;_has_part;11455901;1;1
02505807;_verb_group;01110661;3;3
00095971;_derivationally_related_form;00265386;3;2
10634990;_derivationally_related_form;00020926;189;330
06717170;_member_of_domain_usage;10076033;515;5928
02364520;_hypernym;02329401;1;1
12006503;_hypernym;11579418;1;1
01105296;_hypernym;01105639;1;1
00927430;_derivationally_related_form;10673451;2;2
01336587;_derivationally_related_form;10667187;2;3
05044387;_derivationally_related_form;02112546;2;2
12800586;_member_holonym;12800327;1;1
05449959;_hyponym;05453523;1;1
01277974;_hyponym;01278427;2;2
12019675;_hypernym;11579418;1;1
08571139;_part_of;08524735;1;1
13652066;_hypernym;13603305;1;1
11418750;_hyponym;11444816;2;2
09791248;_synset_domain_topic_of;04323026;1;1
14046202;_derivationally_related_form;00059019;2;2
00064889;_hyponym;00064643;2;2
13108841;_hyponym;11653904;1;1
08377806;_hypernym;08457976;2;2
00463234;_derivationally_related_form;01079604;3;2
08766988;_has_part;09417560;1;2
11665372;_hyponym;11669921;2;2
06043075;_member_of_domain_topic;10026058;1;19
10264437;_hypernym;10560637;2;2
11451442;_has_part;11500968;2;2
12775530;_member_meronym;12775919;1;1
00775156;_derivationally_related_form;01170962;6;4
10490699;_hyponym;09773962;2;2
08736779;_instance_hypernym;08524735;136;2
06095022;_derivationally_related_form;09818343;2;2
01154175;_derivationally_related_form;00130347;2;2
11567411;_hyponym;12751554;1;1
06820425;_hypernym;06818970;2;1
11566230;_hyponym;12811856;1;1
00858631;_hypernym;00858377;1;1
02035919;_hyponym;02062632;2;2
01703023;_synset_domain_topic_of;07092592;1;1
02236124;_hypernym;02210855;2;3
12575089;_member_meronym;12576029;1;1
00754873;_derivationally_related_form;04665813;2;2
07781319;_part_of;02624551;1;1
09459114;_instance_hypernym;09360122;425;8
07066459;_synset_domain_region_of;08860123;3;1
11748811;_hypernym;13139055;1;1
01049685;_derivationally_related_form;02147109;2;2
01031256;_hyponym;01031756;1;1
01805199;_member_holonym;01802309;1;1
10771636;_hypernym;00007846;2;1
04887129;_hyponym;04835260;1;1
11575425;_hyponym;11866078;1;1
14425103;_derivationally_related_form;09605289;2;2
10373801;_derivationally_related_form;02607909;2;2
00302861;_derivationally_related_form;01713348;2;2
01912159;_hypernym;02050132;2;2
04036776;_hypernym;13893786;1;1
02539334;_hypernym;02441022;221;21
00015388;_hyponym;02152740;1;2
00403466;_derivationally_related_form;01549905;2;2
12626030;_member_meronym;12627526;1;1
03668642;_hypernym;03931044;1;1
01508368;_hyponym;01512465;2;2
06542830;_hyponym;06543246;1;1
12533588;_member_meronym;12533730;1;1
00751779;_derivationally_related_form;00835506;3;2
12746106;_hypernym;13112664;1;1
11911591;_member_meronym;11924330;1;37
14064644;_derivationally_related_form;01190277;2;2
12111882;_member_holonym;12100538;1;1
14662574;_hyponym;15066367;1;1
07127006;_hyponym;07128060;1;1
10705615;_instance_hyponym;10820790;4;2
00383952;_derivationally_related_form;00520357;2;2
03053272;_hypernym;03713736;1;1
07432973;_derivationally_related_form;02047650;2;3
01887576;_hyponym;01936753;2;2
09778783;_hypernym;10731244;2;2
01972017;_member_meronym;01972131;1;1
05190804;_hyponym;05034473;8683;20305
03435382;_hypernym;02716866;1;1
01725712;_also_see;01463965;3;3
06514093;_hyponym;06515662;1;1
03903424;_hyponym;02670683;2;3
03122295;_hypernym;04543158;1;1
09189411;_has_part;08717209;1;1
06329506;_hypernym;06309383;2;2
01332730;_hyponym;01336159;2;2
08759852;_instance_hypernym;08524735;69;1
00879271;_hyponym;00141806;328;207
01311520;_instance_hypernym;00996817;1;1
02187759;_hypernym;01762525;1;1
02927399;_hypernym;03892891;12046;4009
14550987;_hypernym;14550797;1;1
02774630;_has_part;03485997;2;2
11900986;_member_meronym;11902200;1;1
00914929;_hypernym;00913705;2;2
02324717;_hypernym;01864707;1;1
00094001;_hyponym;00094240;2;3
06023022;_synset_domain_topic_of;06018465;1;1
04579986;_synset_domain_topic_of;00503237;1;1
00528339;_derivationally_related_form;07419792;2;2
00955060;_hyponym;00959992;1;2
06404582;_hypernym;06333653;2;2
10293332;_derivationally_related_form;01919391;3;2
02789770;_hypernym;04047401;2;2
01974399;_member_meronym;01997698;2;3
02883205;_hypernym;03815615;1;1
09632518;_hyponym;10582154;2;2
09686536;_hyponym;09713985;1;2
10284064;_hyponym;10292316;2;2
12425281;_hyponym;12468243;1;4
01301051;_hyponym;01300655;1;2
08506641;_has_part;08573674;1;2
01295373;_part_of;01311520;1;1
11015080;_instance_hypernym;10022111;1;1
06095022;_member_of_domain_topic;00043411;1;15
13087625;_hyponym;13164583;1;3
03907227;_hyponym;03376159;1;2
09379111;_hyponym;09410928;2;2
00746587;_hypernym;00746232;1;1
02604760;_hyponym;02645839;359;2786
08131530;_has_part;08132046;2;15
01679980;_hypernym;01675963;2;1
13219067;_member_holonym;13218900;2;1
01375204;_member_holonym;01374989;2;1
00692130;_hyponym;00692506;1;3
11977125;_member_meronym;11977303;1;1
06481320;_hyponym;06494816;2;2
01775062;_member_holonym;01774918;1;1
11828247;_hyponym;11828973;1;1
11218473;_synset_domain_region_of;08859173;9;1
00900616;_also_see;01580050;3;3
03091374;_hyponym;02755352;3;2
00668099;_hyponym;00669366;1;1
02394183;_verb_group;01982395;2;2
14062725;_derivationally_related_form;00273445;2;2
06756407;_hypernym;06722453;28;3
04539648;_part_of;02862048;4;1
00483801;_derivationally_related_form;03080309;2;2
00498530;_hypernym;00126264;2;1
03142679;_hypernym;04014297;2;1
01504437;_hyponym;01550429;1;1
02416751;_derivationally_related_form;09935793;2;4
07254267;_hyponym;07254594;2;2
00514069;_derivationally_related_form;05934278;2;2
07168131;_hyponym;07168623;2;2
01858441;_hypernym;01844917;2;1
03596285;_hyponym;03321103;1;1
00152018;_derivationally_related_form;00652346;4;2
01294127;_synset_domain_region_of;09117351;1;3
12618942;_member_meronym;12785110;1;24
02138766;_synset_domain_topic_of;00903559;1;1
11428023;_hypernym;11473954;2;1
02461556;_member_holonym;02461372;2;1
00567044;_synset_domain_topic_of;00479887;2;1
00978549;_hyponym;01055404;1;1
02489589;_member_holonym;02489288;6;2
02398732;_member_meronym;02399000;1;5
02423762;_hyponym;02422663;7;8
08887013;_instance_hypernym;09316454;8;1
01504437;_hyponym;01820190;1;1
00486018;_derivationally_related_form;00211593;2;3
08081668;_hyponym;08096624;1;2
00912048;_verb_group;00975584;2;2
02449340;_derivationally_related_form;13935227;2;2
04490091;_hyponym;04461696;2;2
01767199;_member_meronym;01974399;2;5
12798632;_member_holonym;12798041;1;1
13973059;_derivationally_related_form;09791816;2;2
00351485;_hypernym;00191142;2;2
02669789;_hypernym;02671880;2;2
09840050;_derivationally_related_form;01719921;6;2
06580351;_hypernym;06568978;1;1
00285889;_derivationally_related_form;01919711;3;6
10092488;_synset_domain_topic_of;00475787;1;1
01564144;_hyponym;00388635;2;1
06845599;_member_of_domain_usage;04090064;1;1
06620063;_hypernym;06619428;1;1
08106934;_hyponym;01342529;2;77
13031690;_member_meronym;13033577;1;1
02739254;_derivationally_related_form;13845239;2;2
10066732;_derivationally_related_form;00672277;2;4
09188609;_instance_hypernym;09426788;33;1
07475107;_hypernym;07473441;2;1
02782815;_derivationally_related_form;10456138;2;2
04794751;_hypernym;04723816;2;2
05801594;_member_of_domain_topic;03853734;1;1
10146927;_hypernym;00007846;2;2
01693138;_synset_domain_topic_of;00933420;1;1
10468750;_derivationally_related_form;02443609;4;5
06362953;_hyponym;00397191;2;2
01835496;_derivationally_related_form;02994448;2;3
02924554;_hypernym;06605396;2;2
02161737;_hypernym;01342529;136;4
02051270;_derivationally_related_form;07342495;2;2
02554730;_hyponym;02621908;1;1
13773725;_hypernym;13760316;2;2
08441203;_member_of_domain_topic;01189001;1;1
10249950;_hyponym;09962612;2;2
10724699;_derivationally_related_form;01855155;2;2
05088324;_derivationally_related_form;01378556;4;9
12205694;_hyponym;12819728;1;1
08086356;_member_of_domain_topic;09857200;1;2
12762583;_member_holonym;12758639;76;2
14414715;_hyponym;14415518;1;1
00324384;_derivationally_related_form;01983264;3;3
03867201;_hypernym;03936895;1;1
00806902;_hypernym;00803617;308;18
01721556;_derivationally_related_form;10201535;7;5
11999958;_hypernym;11579418;1;1
02739480;_hypernym;00121046;2;1
01949973;_hypernym;01942177;1;1
09812338;_hyponym;10280130;2;3
12150028;_hyponym;12151615;1;1
08441203;_member_of_domain_topic;01257701;1;8
10287213;_hyponym;10066452;1;2
11445395;_hyponym;11446067;1;1
02444159;_hypernym;02443849;2;2
09804230;_derivationally_related_form;00522068;2;2
11867525;_member_meronym;11870607;1;1
09537660;_hypernym;10553805;1;1
01502262;_member_meronym;01816635;1;3
15154774;_hyponym;15228162;1;2
00941990;_hyponym;00825776;1;2
09425344;_synset_domain_topic_of;06115701;36;1
00364297;_hypernym;02609764;2;1
14904661;_hyponym;14641397;1;1
05948264;_hypernym;05946687;2;2
13812607;_synset_domain_topic_of;06143546;1;1
05763412;_derivationally_related_form;00618878;4;7
10296618;_instance_hyponym;11354333;1;1
10609686;_hypernym;00007846;2;1
12200315;_hypernym;11575425;1;1
01573515;_derivationally_related_form;14295248;2;3
11975853;_hypernym;11579418;1;1
02357693;_derivationally_related_form;04682462;3;2
02133435;_derivationally_related_form;04679738;2;3
00040325;_derivationally_related_form;14006945;2;3
01363613;_also_see;01366718;2;2
01507006;_derivationally_related_form;13501941;2;2
01938312;_member_holonym;01938155;5;10
01941670;_member_meronym;01952162;2;21
04945057;_derivationally_related_form;01826378;2;4
03593526;_hypernym;04531098;2;1
08699654;_instance_hypernym;08698379;1;1
00803325;_derivationally_related_form;01141593;3;3
08633957;_instance_hyponym;09165294;1;1
00757544;_derivationally_related_form;07254594;3;2
01711445;_derivationally_related_form;07007171;2;2
13985818;_derivationally_related_form;00193130;2;3
10705615;_instance_hyponym;11342618;1;1
13875185;_hyponym;13911872;2;2
07019172;_hypernym;07018931;3;2
07098193;_hyponym;07099271;2;2
07157273;_member_of_domain_usage;13769672;1;277
08524735;_instance_hyponym;08770932;1;59
01241767;_hypernym;01241331;2;2
00528339;_hypernym;00387310;2;2
02260183;_member_holonym;02159271;4;1
01195804;_hypernym;01158181;1;1
08574314;_instance_hyponym;08701719;1;1
12106786;_member_holonym;12106540;397;174
10552742;_hypernym;10191943;1;1
07519253;_hyponym;07519773;2;2
00617413;_derivationally_related_form;01225783;6;9
02163982;_member_meronym;02168542;1;53
02333368;_hypernym;01864707;1;1
09418169;_part_of;08766988;4;1
13169219;_member_meronym;12954978;1;3
12198628;_hypernym;11575425;1;1
08145871;_hypernym;07951464;2;1
07478874;_derivationally_related_form;00434919;2;2
11875100;_member_meronym;11879291;1;1
01838598;_hyponym;01841102;1;1
07817024;_hypernym;07811416;1;1
07747055;_part_of;12707781;1;1
02014165;_hypernym;02009433;14;9
02951358;_hypernym;04244997;1;1
01943899;_hypernym;01942177;1;1
05475878;_hyponym;05476754;1;1
01432517;_hyponym;02615829;1;1
01950798;_hyponym;01955508;2;2
01906823;_derivationally_related_form;05003090;2;4
08122009;_synset_domain_region_of;09044862;1;1
01043820;_derivationally_related_form;01778017;2;2
03583621;_hypernym;03733925;2;1
04408871;_hypernym;03091374;2;1
13261779;_hypernym;13255145;2;2
00222376;_hypernym;00219012;2;2
00877559;_derivationally_related_form;07143624;2;2
11629501;_member_meronym;11633459;1;6
13651218;_hypernym;13603305;1;1
00095990;_hypernym;00094460;1;1
00363260;_hyponym;00373544;68;550
01402381;_hypernym;08221348;1;1
06520944;_member_of_domain_topic;06632097;1;1
09459114;_part_of;09304164;1;1
02521646;_hyponym;02524202;1;1
01146576;_hypernym;01145359;2;2
00664483;_hyponym;00662589;2;2
11151189;_instance_hypernym;09924996;1;1
13585429;_hyponym;13590598;1;1
09211735;_part_of;09211266;1;1
10102369;_hypernym;09792555;2;2
03169390;_hyponym;03566860;1;1
08441203;_member_of_domain_topic;13964879;1;1
00488770;_hypernym;00164444;1;1
10453533;_instance_hyponym;11327398;1;1
06203758;_derivationally_related_form;10502950;2;2
13167078;_hyponym;13199244;1;1
00241689;_hypernym;00151689;3;2
08392137;_instance_hyponym;08013845;1;1
00351334;_hypernym;00349886;2;2
00340463;_hypernym;00339463;2;2
02190632;_hypernym;02191106;1;1
01627424;_hyponym;01629276;2;2
10053808;_hyponym;10722758;1;2
07007945;_derivationally_related_form;00988287;3;4
05276860;_hyponym;05541872;1;1
09590495;_synset_domain_topic_of;09689152;2;7
01198307;_derivationally_related_form;02581900;2;3
09361517;_part_of;09359803;2;1
08698379;_instance_hyponym;08947772;1;1
04433585;_part_of;04048075;2;1
11575425;_hyponym;11880610;1;1
02260183;_hypernym;01342529;1;1
02072209;_member_meronym;02072665;83;197
07783210;_hyponym;07792725;1;1
04547592;_hypernym;03327234;1;1
01066775;_derivationally_related_form;01254685;5;2
01633047;_member_meronym;01633250;1;6
01472638;_synset_domain_topic_of;01861778;2;1
09044862;_member_of_domain_region;13752911;1;5
12299988;_member_meronym;12310153;1;1
00007846;_hyponym;09621545;5;9
07520612;_derivationally_related_form;01779165;3;2
11713164;_hyponym;11713370;1;1
12600888;_member_meronym;12601106;1;1
02414710;_derivationally_related_form;09815790;2;2
08792548;_member_of_domain_region;08039312;1;1
14133159;_hyponym;14133543;1;1
00044353;_derivationally_related_form;05792010;2;2
00126264;_hyponym;00380159;2;2
02704349;_derivationally_related_form;03735637;3;2
11556857;_hyponym;12155459;1;1
00017222;_hyponym;13083023;1;2
14786479;_hyponym;04326084;2;2
13603305;_hyponym;13655262;1;1
00690614;_hyponym;00691834;1;2
12524518;_member_holonym;12501745;1;1
14959058;_hypernym;14866889;1;1
00508952;_hypernym;00507673;2;2
01495701;_hyponym;01500091;1;1
14038482;_hypernym;14034177;2;1
01864707;_hyponym;02078159;1;1
01945381;_derivationally_related_form;00315390;2;2
01312096;_has_part;01296697;1;1
01874784;_hypernym;01862557;1;1
04526800;_hypernym;04182890;2;2
08397255;_hypernym;08208016;2;3
12268096;_member_meronym;12275317;1;1
07109196;_hyponym;07133701;2;2
07507098;_hyponym;07507912;1;2
02102484;_derivationally_related_form;02106006;3;3
00336168;_also_see;00740336;2;3
01874126;_member_meronym;01876843;1;2
08946042;_instance_hypernym;08691669;5;1
12131216;_member_holonym;12100538;1;1
12644902;_hyponym;12645174;1;1
02553697;_derivationally_related_form;01146039;2;5
10093908;_hypernym;10689564;2;2
01119169;_hyponym;01123887;1;2
08698379;_instance_hyponym;08966820;1;1
08808452;_part_of;08808292;1;1
00601822;_hyponym;00602112;1;1
12321395;_hypernym;12320010;1;1
01454810;_derivationally_related_form;01105909;2;4
02549847;_hyponym;01740969;2;2
00998886;_synset_domain_topic_of;06128570;15;1
04484160;_hyponym;02889035;1;1
04509592;_hypernym;03051540;8;2
01929788;_hypernym;08103777;3;1
06780309;_derivationally_related_form;01743313;2;2
04787763;_hypernym;04787530;1;1
08742205;_instance_hypernym;08524735;22;1
11592146;_hyponym;13044149;1;1
07974025;_hyponym;08436562;2;3
08108972;_hyponym;11592146;5;14
05296639;_hypernym;05237227;2;1
04585745;_hypernym;03664675;2;1
04100620;_hypernym;04042358;2;2
13100156;_hyponym;12766595;1;1
00404642;_derivationally_related_form;01136519;2;2
12339972;_member_meronym;12340202;1;3
12200504;_hypernym;13112664;1;1
08426461;_hyponym;08482271;2;2
14435187;_hypernym;14434866;1;1
00043480;_hypernym;00040353;2;2
02626590;_hypernym;01432517;1;1
06470073;_derivationally_related_form;02896789;2;2
10670310;_derivationally_related_form;02308741;2;3
06684383;_hyponym;07227772;2;2
13999206;_derivationally_related_form;02495817;2;2
07152948;_hypernym;07151380;2;1
02255462;_verb_group;00802318;6;5
01098698;_hyponym;01098968;1;2
00853649;_derivationally_related_form;01428011;2;3
09163192;_has_part;09163584;1;1
03024518;_hypernym;03065708;1;1
02603699;_derivationally_related_form;13954253;2;2
00903559;_member_of_domain_topic;00285856;1;1
05571341;_hypernym;13911151;2;1
14493145;_hyponym;14493426;1;2
01466828;_hypernym;08107499;1;1
03285730;_hypernym;04100620;1;1
01626134;_hyponym;01634684;1;1
10083823;_hyponym;10499355;1;1
02390949;_hypernym;02386388;1;1
07425011;_hypernym;07296428;2;2
05219923;_hyponym;05220126;1;1
12419592;_member_holonym;12418680;2;1
12251740;_member_holonym;12251577;1;1
02301782;_member_meronym;02301935;1;1
02530167;_hyponym;02407338;2;3
08464601;_hyponym;08473623;2;2
05549830;_has_part;05556943;2;3
00968155;_hypernym;00955060;2;1
01989720;_hypernym;01985524;3;2
00334996;_derivationally_related_form;00708017;3;3
02268351;_hypernym;01158572;2;2
00367976;_hyponym;00368592;2;4
14580897;_hyponym;14976448;2;2
02620587;_hyponym;02722663;1;1
02703275;_hyponym;02971691;13;31
06083243;_member_of_domain_topic;02631238;1;12
03551084;_hyponym;03250089;1;1
04368496;_part_of;03786194;1;1
14477667;_derivationally_related_form;02558172;2;2
11719468;_member_meronym;11722769;1;7
00109660;_hyponym;00528836;2;2
12945708;_hypernym;11585340;8;1
00021939;_hyponym;03573282;2;3
04161358;_hyponym;03061674;1;1
00471576;_synset_domain_topic_of;06090869;57;1
13112664;_hyponym;11833373;1;1
01913532;_derivationally_related_form;13534274;2;3
12558230;_member_holonym;12556030;1;1
05646218;_derivationally_related_form;00440286;2;2
00986173;_hypernym;00983824;2;2
11567411;_hyponym;12775530;1;1
02064608;_member_meronym;02065407;1;1
11573660;_hyponym;11847841;1;1
12100538;_member_meronym;12132299;1;1
01883513;_hyponym;01885498;1;1
05560787;_hypernym;05560244;6;2
13966925;_hypernym;13963970;1;1
06232880;_member_of_domain_topic;15195928;1;1
01116968;_derivationally_related_form;02302817;2;2
12636705;_hypernym;11585340;1;1
02396716;_derivationally_related_form;00163779;2;4
12612913;_member_meronym;12613968;1;1
09773245;_derivationally_related_form;02583545;2;2
10237676;_member_holonym;08029421;1;1
03261776;_hypernym;03274561;1;1
09853645;_hyponym;10576316;2;2
01259458;_derivationally_related_form;09222051;3;2
01507175;_hyponym;01534034;1;1
13518963;_hyponym;13569905;1;1
08441203;_member_of_domain_topic;08453722;1;1
01432474;_derivationally_related_form;05301908;3;2
02565072;_hypernym;02564720;1;1
03722007;_derivationally_related_form;00508032;2;2
00271946;_hyponym;00415398;1;1
15242599;_part_of;15242719;1;1
06514880;_hypernym;06514093;2;1
07760859;_hyponym;07761611;1;3
11620248;_member_holonym;11607739;8;1
14100769;_hyponym;14102075;2;2
12930044;_member_meronym;12945708;1;12
02835887;_synset_domain_topic_of;06090869;1;1
09710164;_hypernym;09686536;98;5
00633443;_derivationally_related_form;10706812;2;3
09169038;_part_of;08910668;3;1
10743941;_hypernym;10780632;1;1
12641413;_hyponym;12641931;1;4
01801600;_derivationally_related_form;04779649;2;2
02231661;_derivationally_related_form;00033020;6;4
00297404;_hypernym;00297062;1;1
00868591;_hyponym;00868097;1;1
04686003;_hyponym;04686388;1;1
08915784;_part_of;08713772;1;1
02431320;_derivationally_related_form;07331400;3;3
13440063;_hyponym;00845178;37;479
04735929;_hyponym;04737020;1;1
14541852;_derivationally_related_form;02545272;5;5
13745420;_hypernym;13728499;2;2
08345189;_synset_domain_region_of;08913434;64;1
15247518;_has_part;15248269;2;2
03789946;_hyponym;03287733;2;2
09809749;_synset_domain_topic_of;08199025;1;1
04907269;_hyponym;04907991;1;1
08389710;_hyponym;08390012;1;1
00573671;_derivationally_related_form;14724025;2;2
09340203;_part_of;09159003;1;1
02172888;_derivationally_related_form;05720248;2;2
02681518;_derivationally_related_form;02748927;4;2
10034020;_hypernym;10360747;1;1
03739693;_hyponym;04364545;5824;10970
04190747;_hypernym;03546766;1;1
01216515;_synset_domain_topic_of;08199025;2;1
07763290;_hypernym;07705931;1;1
01176079;_derivationally_related_form;07650792;2;2
01504437;_hyponym;01557028;1;1
02701210;_verb_group;02732798;2;2
02034671;_hypernym;02035919;2;2
03996655;_part_of;03997027;2;1
03450018;_hypernym;03096960;2;2
03804311;_synset_domain_usage_of;06845599;1;1
01457276;_member_holonym;01453852;1;1
04120093;_hypernym;03183080;2;2
08722645;_instance_hypernym;09399592;1;1
13489037;_hyponym;13501738;1;1
08764561;_part_of;09204977;3;1
08860123;_member_of_domain_region;00470966;1;823
12711182;_member_holonym;12707432;1;1
07313241;_hyponym;07313518;2;2
00630380;_derivationally_related_form;05835162;2;3
02128873;_derivationally_related_form;10633450;7;3
01429349;_hyponym;02565728;1;1
09819291;_derivationally_related_form;06097775;2;2
05651971;_derivationally_related_form;02108665;2;4
06797169;_derivationally_related_form;00772640;2;9
00931467;_verb_group;00932161;2;2
01617192;_hyponym;01640207;2;2
09102016;_has_part;09103648;1;216
01673668;_member_meronym;01682920;1;1
02575082;_derivationally_related_form;00752431;2;3
00894738;_hyponym;00906037;1;2
01931768;_derivationally_related_form;00815173;2;2
00607775;_member_of_domain_topic;02226559;1;1
00272391;_derivationally_related_form;05677504;2;2
06136258;_member_of_domain_topic;00729642;251;24444
01930874;_hypernym;01224744;2;7
02155448;_hypernym;05225602;2;1
00592535;_derivationally_related_form;10104209;2;2
01577093;_derivationally_related_form;00277811;2;4
08161068;_derivationally_related_form;02400760;3;2
01970826;_hyponym;02071142;2;2
10165109;_hyponym;10366966;2;2
03186399;_derivationally_related_form;01693453;2;2
13102409;_hyponym;12956170;2;2
02269767;_hypernym;02269143;2;1
01354405;_hypernym;01354006;1;1
02761696;_hypernym;03316406;2;1
01876180;_member_meronym;01876326;1;1
00439343;_derivationally_related_form;05058140;5;3
04146050;_hypernym;02913152;2;2
14439447;_derivationally_related_form;02547225;2;3
02322712;_part_of;02512053;39392;37529
01730384;_hypernym;01729431;2;1
07513508;_hypernym;00026192;2;2
08524735;_instance_hyponym;09025863;1;185
02117649;_hypernym;02106506;2;2
05418717;_hyponym;05371663;1;1
01471682;_member_of_domain_topic;05399847;276;17313
02485631;_derivationally_related_form;03491724;2;2
00724492;_derivationally_related_form;05982915;2;2
08018189;_synset_domain_topic_of;00759694;2;1
05573602;_hypernym;05580416;1;1
03473966;_hypernym;02756098;6;2
06920010;_hypernym;06907728;1;1
00031921;_hyponym;13790712;2;2
01370561;_hypernym;01400044;2;2
01665541;_hypernym;01663401;18;5
02686625;_verb_group;01212230;2;2
00213694;_hyponym;00213903;1;1
05098942;_hypernym;05090441;2;2
11804604;_member_meronym;11815194;1;41
02725367;_hypernym;03740161;255;7
06295235;_member_of_domain_usage;04356056;1;3
03509025;_derivationally_related_form;02333358;9;8
08524735;_instance_hyponym;09100837;1;9
03932670;_hyponym;04127904;2;2
06836822;_member_holonym;06498569;1;1
02636516;_hypernym;02203362;3;3
00515154;_hyponym;00184907;1;1
14986004;_derivationally_related_form;00287560;5;2
05418717;_part_of;05511618;2;1
08858248;_part_of;09209263;32;3
06931199;_hyponym;06931891;1;1
00026385;_derivationally_related_form;13549488;2;2
12812665;_hypernym;11579418;1;1
00900726;_derivationally_related_form;01688771;5;5
14997888;_hypernym;14868564;1;1
08293982;_member_meronym;08305942;387;1036
12698905;_hypernym;11585340;1;1
10734963;_derivationally_related_form;03612965;2;2
11659068;_member_meronym;11659248;5;3
13994148;_hypernym;13991823;2;2
11845557;_member_holonym;11845387;3;1
00838043;_derivationally_related_form;10201535;4;3
06183899;_derivationally_related_form;10705615;2;3
10372373;_hyponym;10516874;2;2
02698944;_derivationally_related_form;07108123;2;2
08725454;_instance_hypernym;08633957;1;1
05465567;_hyponym;05465868;1;1
05559908;_hyponym;01768596;1;1
05009170;_hyponym;05021884;2;2
07939159;_derivationally_related_form;02066304;2;2
01831519;_member_meronym;01833283;1;2
06438748;_part_of;06449735;1;3
12039743;_member_meronym;12045695;1;1
09323221;_part_of;08906952;1;1
09758643;_derivationally_related_form;02516594;2;2
00821580;_verb_group;00821765;2;2
00030010;_derivationally_related_form;07128060;2;2
00326619;_derivationally_related_form;00246940;2;3
02234087;_derivationally_related_form;09784707;2;3
08846135;_part_of;08845555;1;1
01787835;_hypernym;01767661;2;1
08032594;_synset_domain_topic_of;00759694;2;1
02895154;_hypernym;02740764;3;1
01084331;_synset_domain_topic_of;00464894;1;1
02225959;_member_meronym;02227773;1;1
01432517;_hyponym;02620443;1;1
10423589;_hyponym;10071557;1;1
02041678;_derivationally_related_form;01060198;4;2
01707306;_hyponym;01707128;1;1
07030718;_hypernym;07028373;2;2
05809192;_hyponym;05980875;2;2
07993109;_hypernym;07951464;43;10
11472699;_hypernym;11428023;1;1
02575766;_member_meronym;02580055;1;1
12345280;_member_holonym;12345136;1;1
15173479;_hyponym;15178417;2;2
10122441;_hypernym;09972661;1;1
01348075;_hypernym;01347583;1;1
01525720;_hyponym;01602630;1;1
07986771;_synset_domain_topic_of;05778131;2695;59
01504437;_hyponym;01570969;1;1
01631072;_hyponym;00164072;1;2
01447868;_also_see;01675780;35275;35748
12892226;_member_meronym;12898959;1;1
08522872;_hypernym;08521816;2;1
10829450;_instance_hypernym;10020890;1;1
01788730;_hypernym;08102555;4;1
10372373;_hyponym;10214390;19595;18371
00192836;_derivationally_related_form;10056103;3;7
13600822;_hyponym;13617468;1;1
00389638;_hypernym;00224901;2;2
06248693;_hypernym;05996646;2;1
11852255;_hypernym;11573660;1;1
01872635;_member_meronym;01872772;1;1
09140148;_has_part;08605261;1;62
10018861;_hypernym;10677271;2;2
07992450;_hyponym;07940865;1;1
00430140;_hyponym;00507673;2;4
02923129;_hypernym;02727825;2;2
09275473;_has_part;08813978;1;1
07161429;_hyponym;07167415;2;2
03307274;_hyponym;03399240;1;1
06880664;_derivationally_related_form;00135285;2;2
00897746;_derivationally_related_form;10207831;2;3
01409523;_hypernym;01405044;1;1
01467370;_derivationally_related_form;08565701;3;2
09425607;_derivationally_related_form;01513838;2;2
01031256;_derivationally_related_form;00318186;2;5
02658670;_hypernym;01432517;1;1
00305846;_derivationally_related_form;07116304;2;2
00222135;_derivationally_related_form;00264529;2;2
01723259;_hypernym;01656813;1;1
08654360;_instance_hyponym;08726305;1;1
04451818;_hyponym;04050066;1;2
01344963;_also_see;00922594;2;3
13124654;_derivationally_related_form;02652590;2;2
01277974;_derivationally_related_form;03376279;2;3
11894173;_member_meronym;11894770;1;1
08740875;_has_part;08742743;98;598
00009631;_hypernym;00010054;1;2
01408383;_member_meronym;01408547;4;1
07020895;_hyponym;07281635;2;5
02654890;_member_holonym;02652335;1;1
08108972;_hyponym;11537886;16;342
05785508;_hyponym;05784242;2;3
01709278;_hypernym;01657723;1;1
01051331;_hyponym;01053067;1;1
14698000;_hyponym;14936226;1;1
08860123;_member_of_domain_region;05689109;1;25
01907258;_hyponym;02033295;2;2
13448778;_hypernym;13518963;1;1
00003826;_hypernym;00001740;3;2
02467003;_verb_group;02467203;4;3
01019524;_hypernym;01018630;2;2
04634540;_derivationally_related_form;00857923;2;2
11573660;_hyponym;11810190;1;1
06028904;_hypernym;06027264;1;1
01657723;_hyponym;01749428;1;1
01484982;_hypernym;00452512;2;2
01765392;_hypernym;01764800;2;2
00358431;_derivationally_related_form;09488259;2;3
10252354;_hypernym;13950812;2;1
02222718;_member_meronym;02224323;8;197
14514805;_hypernym;14514039;1;1
01813668;_derivationally_related_form;07527817;2;3
12954185;_member_meronym;12954353;1;1
06838543;_hypernym;06828818;1;1
10644179;_derivationally_related_form;01230350;2;2
08506641;_hypernym;08673395;2;1
00650353;_hypernym;00618878;2;2
00120202;_derivationally_related_form;01965156;2;2
00098385;_hypernym;00097504;2;1
08933287;_part_of;08932568;1;1
01726960;_member_meronym;01729838;1;3
06955931;_hyponym;06926212;2;2
12005500;_hypernym;11579418;1;1
00903385;_hypernym;00806049;2;2
00559919;_derivationally_related_form;04992570;3;2
02258600;_also_see;01076793;2;2
01171644;_member_of_domain_topic;04121511;1;1
00162632;_derivationally_related_form;01021420;2;3
10488016;_derivationally_related_form;06055946;2;2
01363648;_hyponym;01364184;2;2
00010435;_verb_group;00013615;2;2
12800832;_hypernym;12800586;1;1
08837864;_part_of;08837552;1;1
13456071;_derivationally_related_form;00573247;3;2
02220055;_member_holonym;02219901;1;1
02238085;_hyponym;02270404;2;2
00378479;_derivationally_related_form;02761685;175;754
01105259;_hyponym;01106272;2;2
04508062;_synset_domain_region_of;08860123;9;1
09130076;_part_of;08564307;26;1
12163649;_member_meronym;12164065;1;1
06363778;_hypernym;06349220;34520;36269
10310903;_hypernym;00007846;2;2
04160586;_hypernym;02691156;2;1
03288225;_part_of;04062179;2;4
10089615;_derivationally_related_form;02527431;2;5
04567222;_hypernym;03720163;2;2
08779504;_part_of;09275473;1;1
12425281;_hyponym;12450344;1;3
01407904;_synset_domain_topic_of;00464894;3;1
01315581;_derivationally_related_form;02533075;2;2
01389507;_member_holonym;01389188;5;1
04990525;_hypernym;04990220;1;1
00649482;_hyponym;00650743;1;1
10729923;_synset_domain_usage_of;07157273;6;1
01936391;_member_holonym;01936219;2;1
00593669;_derivationally_related_form;05781145;2;2
10022111;_instance_hyponym;11086774;1;2
03959701;_hyponym;02740764;2;2
12446200;_hyponym;12448361;1;3
04801532;_hyponym;04801763;1;1
03421768;_synset_domain_topic_of;08199025;11;1
01072780;_derivationally_related_form;01182293;2;3
02238743;_hypernym;01759182;1;1
09117351;_has_part;09453288;1;2
02529772;_hyponym;02530421;1;1
01786879;_member_holonym;01768402;4;2
15118453;_hyponym;15139130;1;2
04876053;_hyponym;04825383;1;1
06232880;_hypernym;06224136;2;2
00614057;_derivationally_related_form;10007109;2;3
07707451;_part_of;12205694;1;1
00296178;_derivationally_related_form;00999787;2;2
00812580;_derivationally_related_form;09997404;3;4
07560903;_hypernym;07560652;2;1
02494356;_hypernym;02495038;2;2
02164464;_hyponym;02170400;1;1
06822198;_derivationally_related_form;00983333;2;2
01771966;_hypernym;01342529;2;1
06688522;_derivationally_related_form;02356567;2;2
05519085;_has_part;05520699;1;2
00667424;_hyponym;00667942;2;2
02657219;_hyponym;02659358;1;2
12396924;_has_part;02949691;1;1
09911849;_derivationally_related_form;04878646;2;2
01089137;_hypernym;01088923;944;379
00367685;_derivationally_related_form;00146856;2;2
00299580;_hyponym;00505802;2;2
01126051;_derivationally_related_form;07298154;2;2
12150447;_hypernym;12149751;1;1
14319454;_hypernym;14299637;1;1
00635850;_hyponym;00143251;2;3
13751829;_hypernym;13745420;1;1
01627947;_hypernym;01627355;2;2
02434238;_derivationally_related_form;08008335;2;2
01454636;_derivationally_related_form;04495843;2;4
09282724;_derivationally_related_form;00511855;2;2
11705921;_member_meronym;11706325;1;1
01647229;_hyponym;02396205;4;2
11322178;_instance_hypernym;10599806;1;1
00673710;_derivationally_related_form;00176618;3;2
02491107;_hypernym;02490219;1;1
08739206;_member_holonym;08176077;1;1
00248026;_hyponym;00249556;1;1
11692952;_member_meronym;11739530;1;2
03845550;_hyponym;02997773;1;1
00392950;_derivationally_related_form;01351170;2;2
01905661;_hyponym;01922303;2;2
12134025;_hypernym;12141495;1;1
01938850;_hyponym;01949684;1;1
02483267;_hyponym;02484049;1;1
01743217;_derivationally_related_form;10413834;2;2
00033615;_hyponym;13575869;2;2
00161243;_hyponym;00180962;1;2
11766609;_member_meronym;11773860;1;16
04429756;_synset_domain_topic_of;03082979;17;1
01745536;_derivationally_related_form;00652659;2;2
12759496;_hypernym;11567411;1;1
08025497;_instance_hypernym;08392137;1;1
12171503;_member_holonym;12170415;1;1
00082714;_hypernym;00078760;3;2
08441203;_member_of_domain_topic;06560254;1;2
15015501;_derivationally_related_form;00504901;2;2
02460684;_hypernym;01864707;1;1
00883226;_derivationally_related_form;07229530;7;4
12268096;_member_holonym;12260208;5;1
08755852;_part_of;08756202;1;1
09904057;_hypernym;10372373;2;2
11651259;_member_meronym;11653323;1;2
01313411;_hypernym;00214951;2;2
09049303;_has_part;09112282;1;7
07990956;_member_meronym;01503061;4;2
01023820;_derivationally_related_form;02372605;3;2
04119892;_derivationally_related_form;02362798;2;2
00119873;_hypernym;00109660;2;2
13140699;_member_meronym;13143930;1;105
00283568;_hyponym;00290579;2;13
13289845;_hypernym;13384557;2;2
01487311;_derivationally_related_form;02924023;2;2
00775943;_hypernym;00796886;2;2
01432517;_hyponym;02584325;1;1
09107626;_part_of;09105821;19;1
10650162;_instance_hyponym;10989610;1;1
00243918;_member_of_domain_topic;00505151;1;2
02512053;_hyponym;02514825;2;2
15224293;_synset_domain_topic_of;08441203;48;1
08524735;_instance_hyponym;08732807;1;5
01964636;_member_holonym;01955463;1;1
05102101;_part_of;05101815;1;1
02446352;_hypernym;02445715;10;2
02418872;_also_see;00638981;18087;13752
00827379;_derivationally_related_form;01271189;2;2
09934921;_derivationally_related_form;13384557;3;2
01726390;_member_meronym;01751621;4;48
13046285;_member_holonym;13038944;7;1
04254777;_hyponym;02713218;1;1
00945401;_hypernym;00407535;3;2
08860123;_member_of_domain_region;10525878;1;10
00549472;_hypernym;00549284;1;1
08208016;_hyponym;08209687;1;2
07250339;_hyponym;07250727;1;1
03457793;_hypernym;03461119;1;1
05088804;_hypernym;05083328;2;1
01733213;_synset_domain_topic_of;00543233;2;1
02249018;_derivationally_related_form;06356515;8;10
01256157;_hyponym;01752025;1;2
06990000;_hypernym;06986558;2;1
05706954;_hypernym;05706629;2;2
00535844;_derivationally_related_form;07829412;2;2
02313250;_hyponym;02317661;1;2
00918872;_hyponym;00919424;2;2
08163273;_hypernym;08163792;2;2
02950482;_hypernym;03467984;1;1
10207169;_hyponym;10333317;2856;982
13996300;_hyponym;13996571;1;2
10084295;_derivationally_related_form;15147330;2;2
00366691;_derivationally_related_form;04975340;3;2
11864602;_hypernym;11565385;1;1
10386071;_hypernym;00007846;2;2
02499178;_hypernym;01864707;1;1
10697135;_synset_domain_region_of;08860123;2;1
02232190;_hyponym;01062555;2;2
12952022;_member_holonym;12951465;2;1
03350602;_synset_domain_topic_of;00454237;1;1
03900509;_hyponym;04394630;1;1
00505151;_hypernym;00126264;2;1
07817599;_part_of;12021499;1;1
08594886;_synset_domain_topic_of;08199025;6;1
01355326;_hyponym;01362623;1;1
00064504;_hyponym;00064370;1;1
08730550;_instance_hypernym;09316454;36;2
13100677;_hyponym;13144794;2;2
01403052;_member_holonym;01402831;2;1
10125786;_hyponym;10283663;1;1
09330913;_part_of;09043052;2;2
04635631;_hypernym;04616059;2;2
10527334;_hyponym;10131268;1;1
12546015;_member_meronym;12546962;2;1
04715487;_hyponym;04718563;2;2
08889191;_part_of;08888676;1;1
08524735;_instance_hyponym;08879388;1;140
02067100;_member_meronym;02067240;1;1
07398097;_derivationally_related_form;02186506;4;3
01877620;_hypernym;01835496;3;1
12992868;_hyponym;13025647;1;1
00955060;_hyponym;00972621;2;3
03598151;_hypernym;03381776;1;1
02547225;_derivationally_related_form;14440137;3;2
01972411;_member_holonym;01972283;1;1
00552253;_hypernym;00126264;2;1
02129709;_derivationally_related_form;05656537;2;2
09998101;_hyponym;10113583;1;1
06394865;_instance_hyponym;06441973;1;1
08293982;_hypernym;08008335;3;2
09767197;_derivationally_related_form;01095899;2;2
05476256;_hyponym;05479314;1;1
02594250;_hyponym;02596067;1;1
07118002;_derivationally_related_form;00951206;3;2
08842258;_instance_hypernym;09203827;14;1
13949576;_derivationally_related_form;02099774;2;2
01775879;_member_meronym;01781274;2;2
14947807;_derivationally_related_form;00523436;2;2
10268629;_derivationally_related_form;08375526;2;2
12646950;_hypernym;13112664;1;1
13444131;_hypernym;13446390;1;1
15247518;_hyponym;15255195;2;3
01683724;_hypernym;01656813;1;1
00607405;_derivationally_related_form;05996646;2;3
05075602;_derivationally_related_form;02333689;3;8
08917503;_part_of;08916316;3;1
08441203;_member_of_domain_topic;00122106;1;20
10582746;_hyponym;10028765;2;2
10433164;_derivationally_related_form;01941093;4;2
09409203;_hypernym;00002684;2;2
02271740;_hypernym;01759182;1;1
12619306;_member_meronym;12623368;1;178
08524735;_instance_hyponym;08919475;1;140
10384214;_derivationally_related_form;06073494;2;2
08810051;_part_of;08811215;1;1
00422551;_hypernym;00421437;2;2
00354634;_hypernym;01859221;1;1
01485158;_derivationally_related_form;01103788;2;5
01401772;_hypernym;01400044;2;2
03051540;_hyponym;04446162;300;366
04723816;_hyponym;04753455;2;2
02018049;_hyponym;01979462;2;2
05654362;_hyponym;05656042;1;1
05313535;_hypernym;05254795;2;2
03196324;_hypernym;03082979;2;2
06149484;_member_of_domain_topic;14444326;1;1
10129825;_hyponym;10247358;1;1
12727729;_member_holonym;12724201;1;1
08103777;_hyponym;01999374;1;8
03894051;_hypernym;03003730;2;1
11942144;_member_holonym;11911591;5;1
03004824;_has_part;03024064;2;2
01109863;_derivationally_related_form;00959992;2;2
01453433;_also_see;02677797;4937;4411
12683950;_member_holonym;12684640;4;1
14084880;_hypernym;14052403;2;2
00471277;_hypernym;00557588;2;2
11799732;_has_part;11800236;1;1
09935434;_hyponym;09990904;2;2
04347754;_hyponym;02755529;2;2
02499312;_hypernym;02501738;1;1
01190561;_synset_domain_topic_of;08441203;1;1
11527967;_hypernym;11419404;2;2
11672400;_hyponym;11862300;1;1
02058794;_also_see;02094755;3;2
00834198;_derivationally_related_form;01642924;3;3
02050132;_hyponym;01913363;1;2
10502950;_derivationally_related_form;01155044;2;2
02934168;_part_of;02933990;2;1
08524735;_instance_hyponym;09008130;1;56
11850521;_member_holonym;11850337;1;1
01068012;_hypernym;01066163;2;2
05893653;_hypernym;05833840;5;2
02676789;_verb_group;02707429;2;2
11947251;_hypernym;13118707;1;1
06503224;_derivationally_related_form;00277399;2;2
13192025;_member_meronym;13199244;1;27
03526198;_hyponym;03308853;2;2
13583724;_hyponym;13604275;2;2
09790482;_derivationally_related_form;00644583;4;2
10557854;_hyponym;10206887;2;2
08524735;_instance_hyponym;08951278;1;12
13248928;_hypernym;13248393;1;1
01144133;_hyponym;01144355;1;1
04692908;_hypernym;04692157;3;2
06394865;_instance_hyponym;06433249;1;1
00427397;_hypernym;02609764;2;1
00653719;_hypernym;00634586;1;1
03066658;_derivationally_related_form;10978098;2;2
12172715;_member_holonym;12169776;1;1
02196690;_derivationally_related_form;07828987;2;2
01402381;_member_meronym;01402169;2;3
00826509;_hyponym;00842772;1;2
08977948;_has_part;08978161;1;1
00246217;_hypernym;00247390;2;2
10547145;_instance_hyponym;10938363;2;1
07974025;_derivationally_related_form;00739662;4;2
00085626;_derivationally_related_form;03673594;2;2
14624369;_hyponym;14646152;1;1
12423565;_member_meronym;12445848;1;30
00527367;_derivationally_related_form;01159964;2;2
00650353;_derivationally_related_form;04748836;3;5
09454265;_instance_hypernym;09215664;1;1
12150969;_hypernym;12150028;1;1
12538603;_member_meronym;12540250;1;2
08860123;_member_of_domain_region;03476684;1;10
01438720;_member_meronym;01440344;27;34
07569106;_hyponym;07569873;1;1
00917772;_hyponym;00918580;2;2
08860123;_member_of_domain_region;13249245;1;1
00363052;_hypernym;00362659;1;1
07705931;_hypernym;13134947;2;2
00252019;_derivationally_related_form;13489037;2;2
07193184;_derivationally_related_form;00788184;3;2
00514871;_derivationally_related_form;00248063;2;2
13650447;_part_of;13660178;2;2
07298154;_derivationally_related_form;02596493;2;2
01522952;_member_holonym;01522789;1;1
05512835;_part_of;05511061;1;1
03308853;_part_of;02872752;2;1
01727646;_hyponym;01734418;1;1
09683306;_hypernym;09682291;1;1
06084469;_member_of_domain_topic;00267519;1;1
02157557;_hypernym;05470189;5;2
01392380;_member_holonym;01391569;2;1
13550089;_synset_domain_topic_of;06055946;1;1
01670378;_member_holonym;01669883;1;1
02038791;_derivationally_related_form;05068080;2;2
07331210;_hypernym;07427337;1;1
09375693;_instance_hypernym;09360122;1;1
02792049;_hyponym;04424936;1;1
06128570;_member_of_domain_topic;04932875;1;1
01626134;_hyponym;01642671;1;1
01394464;_derivationally_related_form;00358290;2;2
03009269;_derivationally_related_form;01949817;2;3
03499142;_hypernym;03290771;2;2
08524735;_instance_hyponym;08706663;1;7
13812607;_derivationally_related_form;10236304;2;2
01751979;_member_meronym;01752165;2;109
00138599;_derivationally_related_form;01431879;2;2
12515711;_has_part;12515925;1;1
00007846;_hyponym;09845401;1;1
02346823;_hypernym;01862557;1;1
01987353;_member_meronym;01987545;1;1
10402086;_hyponym;09853645;2;2
02104882;_hypernym;02104523;1;1
09328904;_instance_hyponym;09326299;1;132
01808989;_member_holonym;01808785;1;1
00566895;_hypernym;00126264;2;1
08000304;_derivationally_related_form;02727039;2;2
01369346;_also_see;01259691;134;281
04062179;_hypernym;03579982;2;1
03845550;_hypernym;04074482;2;2
03783017;_hyponym;03921749;1;1
00955060;_hyponym;00971463;2;2
08419163;_derivationally_related_form;02210855;2;3
07959269;_hyponym;07961016;2;2
00476389;_has_part;00457228;1;2
10070711;_hypernym;10047459;2;2
01736569;_member_meronym;01736796;1;1
02620587;_hyponym;02621395;2;2
14285662;_hyponym;14298815;2;3
09797113;_derivationally_related_form;00720808;2;2
12445138;_member_holonym;12423565;1;1
00109660;_hyponym;00094460;3;6
05775407;_hyponym;05776212;1;4
00330003;_hypernym;00328802;1;1
08149781;_hyponym;08096301;26;45
12551457;_hypernym;13104059;1;1
01547641;_hypernym;01494310;2;1
00925873;_verb_group;00545557;2;2
00575741;_hyponym;00719494;2;2
12131767;_member_holonym;12131216;1;1
00126264;_hyponym;00495038;2;2
05418717;_hyponym;05423779;1;2
13006377;_member_holonym;13000372;1;1
04708113;_hyponym;04708543;1;1
01662771;_derivationally_related_form;03779621;2;4
10299700;_derivationally_related_form;01430633;3;2
00331102;_derivationally_related_form;02753255;5;5
10707233;_hyponym;10427764;1;2
12586110;_hypernym;11556857;1;1
01938850;_hyponym;01947874;1;1
12166128;_hypernym;12157769;1;1
00785962;_derivationally_related_form;10207831;4;3
01403805;_member_holonym;01402169;2;2
15153787;_hypernym;15144371;2;1
01680836;_derivationally_related_form;06102476;2;2
02504131;_derivationally_related_form;00123170;7;2
08574314;_instance_hyponym;08502797;1;16
01941987;_synset_domain_topic_of;00300441;1;1
04256520;_hyponym;03100346;1;1
00469651;_member_of_domain_topic;00139544;1;15
06770875;_hypernym;06722453;2;2
00382493;_derivationally_related_form;07416441;2;2
00028651;_has_part;00027167;2;3
01617192;_hyponym;01710317;2;2
10141590;_hypernym;10373998;1;1
01086103;_derivationally_related_form;10542888;2;2
01955127;_derivationally_related_form;00061290;2;2
00768778;_derivationally_related_form;00159899;2;2
01180695;_also_see;01557614;2;4
10661563;_derivationally_related_form;06249177;3;2
02690093;_hypernym;02655135;2;2
00047945;_hyponym;00051511;1;3
03536348;_derivationally_related_form;01661804;2;2
08860123;_member_of_domain_region;10229721;1;15
02769290;_hypernym;03996416;1;1
11592146;_hyponym;13069535;1;1
00365188;_hypernym;00126264;2;2
08742743;_part_of;08740875;598;94
01921204;_derivationally_related_form;00291965;3;2
08860123;_member_of_domain_region;05909384;1;2
08441203;_member_of_domain_topic;05179180;1;6
02072673;_derivationally_related_form;04055180;2;2
01418667;_hyponym;01419160;15;30
12185078;_hypernym;11575425;1;1
03268142;_synset_domain_region_of;08860123;2;1
02593107;_hypernym;02413480;2;2
00791078;_hyponym;00795161;1;1
06098195;_member_of_domain_topic;09247071;1;1
14547369;_derivationally_related_form;01017738;2;2
01323338;_derivationally_related_form;15032376;2;3
06090869;_member_of_domain_topic;01737417;1;14
07110615;_derivationally_related_form;10599806;4;2
02431337;_hypernym;02431122;1;1
00928015;_hypernym;00831651;4;2
00318816;_derivationally_related_form;03281935;2;2
01457082;_member_holonym;01456939;2;1
01084866;_verb_group;01084588;2;2
12511046;_hypernym;11585340;1;1
15279596;_part_of;15279957;1;1
01963017;_member_holonym;01955463;10;1
12423565;_member_meronym;12443144;1;10
00431610;_hypernym;00140123;2;1
01012712;_derivationally_related_form;00483801;2;6
00058645;_hypernym;00056930;2;1
00006238;_hypernym;00104868;2;2
12787565;_member_meronym;12791539;1;1
05005250;_hyponym;05006285;1;1
11708181;_member_meronym;11708442;1;8
08008335;_hyponym;08049401;2;4
09641757;_hyponym;09719430;2;8
01094725;_member_of_domain_topic;02392654;1;1
03649909;_derivationally_related_form;01319562;2;2
10745332;_hypernym;09863238;1;1
09977520;_derivationally_related_form;00974786;2;2
12932532;_hypernym;11585340;1;1
01690294;_synset_domain_topic_of;00933420;3;1
11911591;_member_meronym;11938977;1;1
01884348;_member_meronym;01884476;1;1
09993252;_derivationally_related_form;01997862;3;2
09207288;_has_part;08848094;2;1
07519773;_derivationally_related_form;01782650;2;2
02642634;_derivationally_related_form;01767661;2;2
03213826;_part_of;03213014;2;1
01408153;_synset_domain_topic_of;00464894;1;1
02708224;_hypernym;03082979;2;1
08524735;_instance_hyponym;08727003;1;12
00061079;_hypernym;00060833;1;1
07152259;_hyponym;07152752;1;1
00699626;_derivationally_related_form;06511874;2;2
01521367;_derivationally_related_form;07443010;2;2
06394865;_instance_hyponym;06436939;1;1
14094068;_hypernym;14058563;1;1
01118081;_derivationally_related_form;00788821;2;3
08293490;_hypernym;07951464;2;2
02062017;_hyponym;02073250;1;2
00065070;_derivationally_related_form;14324274;5;3
02245993;_verb_group;02244956;4;4
05407119;_hypernym;05404728;2;2
01999374;_member_meronym;01999767;1;2
06004067;_member_of_domain_topic;00639693;1;3
13631037;_hypernym;13601596;1;1
07335414;_derivationally_related_form;00388635;7;2
00996969;_derivationally_related_form;00489837;2;3
02129289;_verb_group;02156225;2;4
00213903;_hyponym;00215013;1;1
00024279;_hypernym;00022686;3;2
13583724;_hyponym;13607985;2;2
01728840;_derivationally_related_form;03565402;2;2
02589576;_derivationally_related_form;09906538;2;3
09619824;_hyponym;10785333;37451;36640
00720565;_derivationally_related_form;02382087;2;2
03740161;_hyponym;02706373;1;1
09411430;_has_part;09475292;1;1
02686952;_derivationally_related_form;13913427;2;2
00201407;_derivationally_related_form;00751145;6;2
12205694;_hyponym;12357968;1;1
09761403;_derivationally_related_form;00618734;2;2
02460684;_member_meronym;02460817;1;1
04446521;_hyponym;03993053;1;1
05936704;_hypernym;05928118;2;1
14770838;_hypernym;04528630;2;1
02952109;_hypernym;03309808;2;2
02711835;_derivationally_related_form;03390983;12402;12546
02461701;_hypernym;01864707;1;1
01237872;_derivationally_related_form;00405236;2;2
01539573;_member_holonym;01539377;1;1
06570110;_hyponym;06571301;2;2
00239321;_hypernym;00109660;2;1
06295235;_member_of_domain_usage;03688192;1;4
01789386;_hyponym;01809752;1;1
00752764;_hyponym;00754731;3;2
06498569;_member_meronym;06836714;1;1
00842692;_derivationally_related_form;02765692;2;2
08976913;_instance_hypernym;08524735;91;1
02394822;_hypernym;01862557;1;1
14096724;_hyponym;14553590;1;1
08025497;_synset_domain_region_of;09039411;1;1
01704953;_synset_domain_topic_of;00929718;1;1
08847694;_has_part;09044190;1;2
00217700;_derivationally_related_form;07364115;3;2
13138308;_hyponym;07751451;1;2
06451891;_has_part;06433249;3;1
08230679;_hypernym;08227214;1;1
01600909;_hypernym;01507175;1;1
12915400;_hypernym;11566230;1;1
00443670;_derivationally_related_form;09260466;2;3
12536665;_hypernym;11585340;1;1
11575425;_hyponym;11874707;1;1
05826469;_derivationally_related_form;00667942;3;2
01809064;_hypernym;00725274;2;2
05802547;_derivationally_related_form;00642644;2;3
12226322;_member_meronym;12233759;1;2
08924238;_part_of;08921850;1;1
01538161;_hypernym;01534147;2;2
02844728;_derivationally_related_form;03089348;3;2
11335878;_instance_hypernym;10323182;1;1
00824066;_derivationally_related_form;06711855;2;2
14557898;_synset_domain_topic_of;06043075;23;1
08586825;_part_of;08550966;2;1
15274305;_part_of;00463246;2;2
01229938;_hyponym;01231819;1;1
07849336;_hypernym;07555863;2;1
06018465;_member_of_domain_topic;13589321;1;1
10631941;_hyponym;10012484;2;5
08154960;_hypernym;08153437;1;1
01677387;_hypernym;01675963;1;1
10033082;_derivationally_related_form;00047945;8;2
09544433;_hyponym;09544746;1;1
02585489;_derivationally_related_form;10379758;2;3
07409475;_derivationally_related_form;01892104;2;3
06440937;_instance_hypernym;06394865;1;1
08761868;_instance_hypernym;08691669;1;1
15006258;_hyponym;14872875;1;1
13112664;_hyponym;12374418;1;1
00766234;_hypernym;00745005;4;2
13609214;_hyponym;13717155;2;2
10090020;_instance_hyponym;10837567;1;1
08761244;_has_part;08762104;1;1
05701944;_hyponym;05706228;2;2
11556857;_hyponym;12588156;1;1
05329735;_hyponym;05490983;1;1
10480730;_member_holonym;08287586;2;2
13104059;_hyponym;12736603;1;1
12678548;_has_part;07765208;1;1
09027089;_instance_hypernym;08633957;1;1
05271814;_hypernym;05269901;2;2
09069862;_has_part;09070363;1;1
05780104;_derivationally_related_form;00692329;2;2
14888310;_hypernym;14731135;1;1
09605289;_hyponym;09900981;2;2
01823279;_hypernym;01507175;1;1
01042531;_verb_group;00907930;5;2
14526182;_hypernym;14524849;1696;363
01905661;_member_of_domain_topic;05586759;1;1
11924014;_hypernym;11672400;1;1
07714078;_hypernym;07713895;1;1
11771383;_hypernym;11567411;1;1
11942366;_member_meronym;11942487;3;2
12793015;_hyponym;12793284;1;1
00194645;_hypernym;00191142;2;1
02694933;_hypernym;00918872;2;2
10484858;_synset_domain_topic_of;08441203;9;1
11842204;_hyponym;11854479;1;1
01079480;_verb_group;01080691;2;2
04019101;_part_of;04473432;3;2
05059830;_derivationally_related_form;02369633;2;2
00591622;_derivationally_related_form;09984298;2;2
11067885;_instance_hypernym;10515194;1;1
09287968;_hyponym;09409752;2;2
01176931;_derivationally_related_form;10349243;58;5
00879540;_hypernym;02401523;2;2
08337324;_hyponym;08197386;1;2
03763403;_hypernym;03763133;2;2
09114696;_has_part;09115315;1;15
01507175;_hyponym;01516064;1;1
04143712;_hypernym;03265874;2;2
07075172;_member_of_domain_usage;08245425;1;15
12366313;_hypernym;13123431;1;1
01166351;_hyponym;01167188;1;3
02619738;_member_meronym;02619861;1;1
07170753;_derivationally_related_form;00623151;2;2
01331237;_hypernym;01329239;1;1
12118414;_hypernym;12135898;1;1
13205482;_member_holonym;13169674;6;1
05186306;_synset_domain_topic_of;08441203;39;1
05958427;_hypernym;05943300;1;1
02585489;_hypernym;01803003;2;2
02760658;_derivationally_related_form;00181476;2;3
02397637;_derivationally_related_form;00373544;2;2
01973125;_derivationally_related_form;03693973;2;2
02581957;_has_part;07778938;1;1
00204439;_hyponym;00204943;2;2
08960987;_member_meronym;09721244;1;1
07143137;_derivationally_related_form;00876665;2;3
06055946;_member_of_domain_topic;14390466;1;1
10141811;_hypernym;10162991;2;2
12205694;_hyponym;12835331;1;1
03353281;_hypernym;03405725;2;2
06043075;_member_of_domain_topic;03054551;1;13
02771320;_derivationally_related_form;14215331;2;2
02310895;_derivationally_related_form;05074057;19742;15338
12166003;_member_holonym;12157276;1;1
12673178;_member_meronym;12673328;1;1
00607542;_synset_domain_topic_of;03405725;22;3
07367812;_hyponym;07367385;1;1
00784727;_verb_group;00784342;5;2
08645212;_hypernym;08644722;1;1
00259643;_derivationally_related_form;02672540;4;6
12860254;_hypernym;11579418;1;1
00159880;_derivationally_related_form;05751794;6112;10139
00879764;_hypernym;00753428;2;2
14687513;_derivationally_related_form;00291873;2;2
05545212;_part_of;05219420;2;1
07205946;_hyponym;07206096;1;1
00168658;_hyponym;00168911;1;2
01726879;_hypernym;01726172;2;1
09632518;_hyponym;10053808;3;3
12411084;_member_meronym;12418356;1;2
08087981;_member_of_domain_topic;10596348;1;5
08921850;_has_part;08925957;2;1
02044278;_derivationally_related_form;00295172;2;3
01938155;_member_meronym;01938312;10;5
04669247;_hyponym;04670022;1;1
09610405;_hyponym;10481711;638;1461
01504699;_derivationally_related_form;00622266;2;2
10383689;_hypernym;10631941;2;1
10705615;_instance_hyponym;11171851;1;1
03974671;_hypernym;04548771;1;1
05747582;_hypernym;05733583;2;2
01465994;_hypernym;08102555;5;1
02110552;_hypernym;02110220;5637;1774
01862557;_hyponym;01876843;1;1
11860801;_hypernym;11573660;1;1
06954183;_hypernym;06953731;1;1
13573181;_derivationally_related_form;00379774;2;2
11920867;_hypernym;11579418;1;1
00614999;_derivationally_related_form;00074624;2;2
12577686;_member_holonym;12577000;1;1
01369758;_also_see;01657977;55;239
05009170;_hyponym;05011277;1;2
05835747;_hyponym;05869584;2;2
01110274;_derivationally_related_form;02244956;3;3
04259771;_hypernym;03733925;2;2
01016316;_hyponym;01016626;1;1
10453533;_instance_hyponym;11071960;1;1
14245405;_hypernym;14246359;1;1
08334087;_hypernym;08329453;3;1
05225090;_hyponym;05559908;2;14
01527617;_hypernym;01525720;1;1
04478889;_hypernym;03214253;2;1
03249342;_hypernym;04202417;2;2
06719579;_hyponym;06720216;1;1
01504437;_hyponym;01593705;1;1
02368563;_hypernym;01862557;1;1
12321077;_member_holonym;12319687;1;1
10340312;_hyponym;09903501;1;1
05532225;_has_part;05534712;1;2
00539936;_derivationally_related_form;14485249;2;2
01387208;_member_holonym;01386494;243;97
01507175;_hyponym;01803764;1;1
03086183;_instance_hyponym;03158259;1;1
03278248;_has_part;03033362;2;2
06714976;_derivationally_related_form;02457825;2;2
02583211;_member_meronym;02584325;1;1
01864707;_hyponym;02353709;1;1
01949674;_synset_domain_topic_of;00815801;2;1
02415253;_member_holonym;02411427;1;1
03204558;_synset_domain_topic_of;06128570;17;1
06455138;_instance_hyponym;06441973;1;1
12501745;_member_meronym;12577000;2;72
03762434;_synset_domain_topic_of;06234825;1;1
12501745;_hypernym;11566682;1;1
01835496;_hyponym;01841079;2;3
10254761;_derivationally_related_form;06072476;2;2
05891572;_derivationally_related_form;00708376;2;2
05341920;_hypernym;05333777;1;1
02872752;_has_part;04444749;1;2
02527431;_derivationally_related_form;05906554;3;2
13067532;_member_holonym;13066631;1;1
08199025;_member_of_domain_topic;08405267;1;3
01494310;_hyponym;01607590;1;1
12770277;_member_meronym;12770529;1;1
03879116;_derivationally_related_form;02749768;2;2
09185440;_synset_domain_topic_of;00704305;1;1
00066397;_hypernym;00074624;2;2
01429349;_hyponym;01485306;1;1
13795489;_hypernym;13791389;2;1
04730580;_derivationally_related_form;02345272;2;2
08827126;_has_part;09370773;1;3
00907147;_hyponym;00909573;1;1
01238640;_also_see;01909978;1055;1217
12902887;_member_holonym;12892226;1;2
00356199;_hyponym;00356367;1;1
00630380;_hyponym;00703512;1;1
10633450;_derivationally_related_form;02130524;2;4
08734385;_has_part;08735008;1;1
10524223;_hypernym;10099375;2;2
10707804;_hypernym;09977660;2;2
12290748;_hypernym;11669921;1;1
00452512;_derivationally_related_form;03338009;2;2
04922338;_synset_domain_topic_of;06075527;26;1
05828552;_synset_domain_topic_of;06136258;7;1
00683280;_derivationally_related_form;05941423;2;2
08959683;_member_of_domain_region;08032594;1;1
08778061;_member_meronym;09705124;1;2
10213429;_synset_domain_topic_of;06136258;1;1
09694109;_member_holonym;08849753;2;1
09774783;_hyponym;10191388;2;2
13865483;_hyponym;13878112;1;2
02975212;_hypernym;03094503;2;2
04170037;_hypernym;04576211;3;2
01281154;_instance_hypernym;00962129;1;1
01684337;_hypernym;01659248;2;2
00677808;_hypernym;00671351;2;1
02116777;_hypernym;02108026;2;1
01708778;_member_meronym;01710348;65;223
05640433;_hyponym;05643190;2;2
02575082;_hyponym;02574516;2;4
00300441;_member_of_domain_topic;01862776;1;7
08921850;_instance_hypernym;08700255;28;1
15274695;_derivationally_related_form;00779360;3;3
01105639;_hyponym;01110880;1;1
01985128;_hypernym;01976146;1;1
14416473;_synset_domain_usage_of;07073447;1;1
09624168;_hyponym;10287213;2;2
08107191;_synset_domain_topic_of;06037666;1;1
10728624;_hypernym;10307234;2;1
01158872;_derivationally_related_form;00949134;3;4
03993180;_hyponym;03972524;2;2
02817650;_hypernym;03563967;2;2
09821253;_hyponym;10587378;1;2
15151255;_hypernym;15144371;1;1
08889191;_instance_hypernym;08691669;100;2
00654625;_derivationally_related_form;08239808;3;4
01658188;_derivationally_related_form;00923995;6;3
00704305;_member_of_domain_topic;05871792;1;1
06139764;_derivationally_related_form;09608520;2;2
09884666;_derivationally_related_form;01720491;2;2
03220692;_hypernym;04295881;1;1
13841213;_derivationally_related_form;01945550;2;2
00809465;_derivationally_related_form;10389398;2;2
01689379;_derivationally_related_form;00900726;4;2
08082602;_part_of;08082236;2;1
00955148;_hyponym;00836236;2;9
11555413;_hyponym;12617739;1;1
08094013;_hyponym;08094659;1;1
00477941;_derivationally_related_form;01263018;2;5
09698644;_member_holonym;08734385;1;1
11499817;_hyponym;11501230;2;2
08859173;_part_of;08858248;4;2
10694258;_hyponym;10322957;1;2
13167078;_hyponym;13197670;1;1
00757856;_hypernym;00757544;2;2
01284444;_synset_domain_region_of;09108164;1;1
04906712;_derivationally_related_form;00790086;18768;19411
03089121;_derivationally_related_form;02475078;4;2
00916274;_hypernym;00941990;2;1
00751567;_derivationally_related_form;07169848;2;2
08592656;_hyponym;08541130;2;3
00976365;_derivationally_related_form;07248507;2;2
00153288;_hyponym;00901789;1;2
05685879;_derivationally_related_form;01462928;2;2
00704305;_member_of_domain_topic;07489548;1;2
00959376;_hypernym;01170962;2;2
00160688;_hypernym;00160532;1;1
01388130;_hyponym;01426160;1;1
04723816;_hyponym;04796490;1;2
12445848;_member_meronym;12446519;1;1
12130408;_member_meronym;12130549;1;1
01892104;_derivationally_related_form;05020981;2;2
04220344;_hypernym;03763133;1;1
01692143;_hypernym;01657723;1;1
05850823;_hyponym;05853636;2;2
00770437;_derivationally_related_form;00159177;3;4
02300173;_member_holonym;02300018;1;1
08776687;_instance_hypernym;08702402;1;1
12356395;_hypernym;12205694;1;1
03047941;_derivationally_related_form;02724126;2;2
12235479;_member_holonym;12235263;1;1
01988755;_hypernym;01575675;7267;3701
02000618;_member_holonym;01999374;2;1
11643506;_hypernym;15098161;1;1
07134850;_derivationally_related_form;01038666;2;2
08765315;_instance_hypernym;08524735;102;1
11083656;_instance_hypernym;09537144;1;1
05399034;_derivationally_related_form;00194170;2;2
06472025;_hypernym;06470073;2;2
10144838;_hypernym;10787470;2;1
09798811;_synset_domain_topic_of;06453849;7;1
00109081;_derivationally_related_form;01870275;3;2
03682487;_has_part;02865931;1;2
11821777;_hypernym;11573660;1;1
00154689;_derivationally_related_form;02481231;2;2
06167328;_hyponym;05970012;1;2
04016240;_derivationally_related_form;01321002;6;2
02564146;_hyponym;02534307;1;1
01886756;_hyponym;02495242;1;2
01775164;_derivationally_related_form;09849598;2;4
13292787;_hypernym;13290676;1;1
06365467;_hyponym;06399631;2;2
00049197;_derivationally_related_form;03051540;2;4
10584318;_derivationally_related_form;01329239;2;2
00229260;_hypernym;00209943;2;2
07560903;_derivationally_related_form;10012484;16;10
08860123;_member_of_domain_region;07933799;1;1
09796809;_hypernym;00007846;2;1
05659365;_derivationally_related_form;02673134;2;2
00602805;_hypernym;00599992;2;4
04578559;_hyponym;03863442;1;1
02590072;_hypernym;01158872;2;1
02130524;_also_see;00661824;139;140
01670172;_derivationally_related_form;03354903;2;2
06335162;_hypernym;07013549;2;2
08948155;_has_part;08948346;1;2
12130759;_member_holonym;12100538;1;1
01388653;_hypernym;01387786;1;1
06156968;_hypernym;06153846;2;3
09007471;_part_of;09006413;4;2
01479643;_hypernym;08103777;5;1
00249721;_also_see;00262792;2;2
06136258;_member_of_domain_topic;14375890;1;1
08029421;_synset_domain_region_of;09050730;20;1
00209943;_hyponym;00210940;2;3
06589574;_hyponym;06410904;2;2
09977660;_hyponym;10175725;428;1243
07064715;_member_of_domain_topic;07086861;1;1
05060476;_derivationally_related_form;01143279;3;3
11693566;_member_meronym;11695485;1;2
03222722;_part_of;03224032;138;19
07362075;_derivationally_related_form;02680814;2;2
13100677;_hyponym;11838916;1;1
03101667;_derivationally_related_form;05002822;2;2
03804744;_derivationally_related_form;01357831;3;3
02472293;_hyponym;02472987;2;10
05830059;_hypernym;05829480;2;2
00391599;_hyponym;00394803;1;2
04226537;_hyponym;03534429;1;1
12164215;_member_holonym;12157276;1;1
00043609;_hyponym;00090779;77;151
01726960;_member_meronym;01733346;1;1
03269401;_hyponym;03033362;2;2
00698855;_derivationally_related_form;07177924;2;4
11941261;_member_holonym;11911591;1;1
02422249;_hypernym;01864707;1;1
10731244;_hyponym;10167565;2;2
12231031;_member_meronym;12231192;1;17
00084371;_derivationally_related_form;02346724;2;2
08305942;_member_holonym;08293982;1074;408
01432517;_hyponym;02664136;1;1
06234825;_member_of_domain_topic;03606719;1;2
02621419;_hypernym;01432517;79;35
07185870;_derivationally_related_form;01824339;5;2
02017607;_member_holonym;02014646;1;1
01772960;_hypernym;01759326;2;1
06575932;_hypernym;06568978;4;2
04559275;_hypernym;04564698;2;2
03355468;_hypernym;03343354;1;1
07301336;_hypernym;07314427;2;2
09626589;_derivationally_related_form;02118933;5;3
01626134;_hyponym;01649948;1;1
10711483;_synset_domain_topic_of;00523513;4;1
14197468;_hyponym;14565417;1;1
04648207;_derivationally_related_form;02120458;2;2
14049552;_derivationally_related_form;00164816;2;2
11768816;_hypernym;13112664;1;1
02690708;_hypernym;02655135;2;2
04169707;_hypernym;03699975;3;2
07409121;_hypernym;07308563;2;2
00105164;_hypernym;00104539;5;2
06845599;_member_of_domain_usage;03048094;1;21
08524735;_instance_hyponym;09112857;3;272
05225602;_hyponym;05321664;1;2
09622302;_hyponym;09991867;2;2
10470460;_hypernym;10752093;2;2
01556671;_member_meronym;01559964;1;1
00841125;_hypernym;00831651;5;2
01649948;_member_meronym;01651370;1;1
04379243;_has_part;04381994;2;2
07951464;_hyponym;07993109;10;44
01282142;_hypernym;01282545;2;2
00394562;_similar_to;00397191;27;61
04667406;_hypernym;04616059;2;2
06054700;_member_of_domain_topic;05300675;1;2
00836236;_derivationally_related_form;06806469;3;4
01920735;_hypernym;01918010;1;1
05695232;_derivationally_related_form;00783042;3;3
07338552;_hypernym;07339329;2;2
01052450;_derivationally_related_form;01528821;2;3
04376400;_hypernym;03614532;3;2
02595662;_derivationally_related_form;10521470;2;2
01573515;_also_see;01573891;3;15
03009269;_hypernym;03538634;1;1
08972521;_member_of_domain_region;10525878;1;8
00954422;_derivationally_related_form;06805297;3;2
04070727;_hypernym;04580493;2;2
07536245;_hyponym;07536437;1;1
09403734;_instance_hyponym;09238425;1;575
03936895;_hyponym;03830278;1;1
07124340;_member_of_domain_usage;00846021;18;692
00206302;_hyponym;00206927;3;3
10200047;_hypernym;09917593;2;2
10468750;_derivationally_related_form;15266265;3;5
01176540;_hypernym;01170962;1;1
02129709;_verb_group;00591115;3;2
12972629;_hypernym;08103777;5;2
04564698;_hyponym;03899328;2;2
00819024;_hypernym;00817680;2;2
04781349;_hypernym;04780958;2;2
00785690;_derivationally_related_form;00881441;2;2
02189535;_member_meronym;02189670;1;1
13615557;_hypernym;13615036;1;1
12619306;_member_meronym;12653056;1;91
02465929;_hypernym;05299178;6;2
01535310;_hypernym;01507175;1;1
02493030;_hypernym;01845229;1;1
10620758;_instance_hyponym;11377851;1;1
00720565;_hyponym;00721431;1;1
09615807;_derivationally_related_form;06125041;2;3
02029571;_hypernym;01507175;1;1
05747582;_derivationally_related_form;00682592;2;2
14627081;_hyponym;14654954;1;1
01432517;_hyponym;02621419;35;79
09023118;_instance_hypernym;08696931;7;1
06845599;_member_of_domain_usage;04135710;1;68
11168645;_instance_hypernym;10292316;1;1
00095377;_derivationally_related_form;07719437;2;3
01086945;_hyponym;01088304;1;1
00913705;_hypernym;00923444;2;2
09071349;_instance_hypernym;09303008;1;1
03234164;_hypernym;04508489;1;1
10780632;_hypernym;10787470;3;2
08792083;_instance_hypernym;08574314;1;1
01507175;_hyponym;02009015;1;1
07431683;_hypernym;07430211;1;1
00695475;_hypernym;00695226;2;2
14560612;_hypernym;14560360;2;2
01432517;_hyponym;02630468;1;1
01939174;_derivationally_related_form;00447073;2;2
03536122;_part_of;03536568;2;1
15184008;_hypernym;15184755;2;1
12651821;_hyponym;12332218;1;1
10702307;_synset_domain_topic_of;08199025;2;1
00642098;_derivationally_related_form;00784533;5;2
08633957;_instance_hyponym;09018426;1;210
05513529;_has_part;05521636;2;4
06452601;_instance_hypernym;06429590;1;1
01693472;_hypernym;01656813;1;1
03420935;_hypernym;03575691;2;1
01925694;_derivationally_related_form;00297404;2;2
01217043;_derivationally_related_form;03525454;2;2
00017222;_has_part;09305358;1;2
09855630;_instance_hyponym;11224877;1;1
11867525;_member_meronym;11884198;1;6
01565472;_derivationally_related_form;00966384;3;2
01720980;_derivationally_related_form;10648696;2;2
11124472;_instance_hypernym;10664340;1;1
02958343;_hyponym;03870105;1;2
08803883;_part_of;08801678;1;1
08143321;_part_of;08139795;1;1
03536348;_hypernym;04362025;2;2
12169776;_member_holonym;12169526;18;2
12813870;_member_meronym;12814003;1;1
06055946;_member_of_domain_topic;13529616;1;1
00355365;_verb_group;00355524;2;2
08971914;_part_of;09382990;4;2
10339966;_derivationally_related_form;05636048;2;2
03565402;_hypernym;03129123;2;2
11556857;_hyponym;12129525;1;1
13537429;_synset_domain_topic_of;00017222;1;1
06682794;_hypernym;06681551;2;2
06605046;_member_of_domain_usage;00095873;1;189
02148788;_derivationally_related_form;06879180;2;2
06885389;_hyponym;06425065;2;2
03791235;_has_part;02974003;1;1
00007846;_hyponym;09617867;8;63
00891216;_derivationally_related_form;08070465;2;2
00402130;_verb_group;00925873;2;2
08524735;_instance_hyponym;09032483;1;9
00189565;_derivationally_related_form;00949841;2;3
14832193;_synset_domain_topic_of;06079620;1;1
04096848;_derivationally_related_form;01127075;3;3
10658304;_derivationally_related_form;02323059;2;2
07401726;_derivationally_related_form;01879251;3;2
02388403;_hypernym;00474017;2;2
06540863;_hypernym;06539502;12;1
01076863;_synset_domain_topic_of;08199025;89;1
13262663;_has_part;13289159;2285;1982
04978561;_synset_domain_topic_of;06128570;17;1
08364959;_hypernym;08366753;2;1
02621107;_member_holonym;02553196;18;1
13651520;_synset_domain_usage_of;06307152;1;1
01759182;_hyponym;02283728;1;1
11219121;_instance_hypernym;10515194;1;1
09720033;_hypernym;09686536;2;1
03992703;_hypernym;02997607;1;1
08860123;_member_of_domain_region;10786992;1;5
09421191;_part_of;08929922;1;2
05333777;_hyponym;05339357;1;1
15184755;_hypernym;15183802;4;2
00399393;_derivationally_related_form;02433549;287;394
10678472;_derivationally_related_form;00462092;2;2
11705052;_hypernym;13162297;1;2
08062623;_derivationally_related_form;00967625;11;8
01960656;_also_see;01401854;3;7
01534147;_hypernym;00126264;3;3
03597469;_hyponym;03596787;1;2
02021050;_also_see;01960656;6;2
08268321;_hypernym;07999699;2;1
02896442;_hyponym;02902816;1;1
01799794;_hyponym;01800195;2;2
00646833;_hyponym;01116466;1;2
01279615;_instance_hypernym;00956485;1;1
05034225;_derivationally_related_form;01824244;2;2
02909870;_hypernym;04531098;2;1
02834778;_has_part;02835915;1;2
04749991;_derivationally_related_form;00802946;4;2
00283911;_hyponym;00284958;1;1
06277280;_member_of_domain_topic;04404412;1;1
09943239;_hyponym;10296176;4;220
03265874;_hypernym;04076846;2;2
09157163;_instance_hypernym;08655464;1;1
09929298;_derivationally_related_form;01921964;2;2
01449796;_hypernym;00240810;2;2
08241798;_member_meronym;09885676;1;1
01429349;_hyponym;01457576;1;1
02321757;_hyponym;02322230;2;1
08505573;_instance_hyponym;09170788;1;1
05421997;_hypernym;05418717;1;1
02010698;_hypernym;02009433;2;1
02464693;_also_see;00724081;2;2
07822323;_part_of;12358293;576;224
01664244;_hypernym;01657723;1;1
01021420;_hyponym;00763399;2;2
01342529;_hyponym;01874126;1;11
12398682;_member_meronym;12398990;1;1
03081021;_hyponym;03778600;2;2
01739263;_synset_domain_topic_of;00911048;1;1
02035919;_hyponym;02098458;2;2
05064827;_hyponym;05065386;1;1
08841667;_member_meronym;09727826;1;1
10007109;_derivationally_related_form;00841986;4;3
02058994;_derivationally_related_form;05058140;4;4
02311060;_hyponym;02264591;1;1
12322887;_member_meronym;12328026;1;2
05479314;_part_of;05600637;2;3
10785333;_derivationally_related_form;01766952;2;2
10245863;_hypernym;09805475;2;2
03688943;_hypernym;04341686;2;1
06278830;_hypernym;06278662;1;1
00956131;_derivationally_related_form;04839154;2;2
01045419;_derivationally_related_form;10776339;4;2
12715914;_hypernym;13104059;2;1
02367993;_member_holonym;02367131;1;1
15242029;_part_of;15181718;1;1
08199025;_member_of_domain_topic;10294139;1;3
12723610;_hypernym;13118707;1;1
12437311;_member_meronym;12437513;1;1
05064037;_hyponym;05071027;2;2
11415842;_hypernym;11410625;2;3
00719705;_derivationally_related_form;02420789;3;2
07308889;_hyponym;07309223;2;2
01463340;_hypernym;01462928;1;1
07371293;_hyponym;07379223;1;1
05699770;_hypernym;05698247;1;1
12884523;_member_holonym;12876032;176;1
04850117;_hypernym;04847733;2;1
08472335;_hyponym;08321218;1;1
00007846;_hyponym;10122300;2;2
00334509;_hypernym;00331950;2;2
01276436;_instance_hypernym;00956485;4;1
01069809;_derivationally_related_form;07185325;4;2
01636397;_hyponym;01636993;2;2
00617413;_derivationally_related_form;01225997;2;2
08788004;_instance_hypernym;08574314;1;1
11703386;_member_meronym;11703669;2;57
11204962;_instance_hypernym;10705615;1;1
01467370;_hyponym;01467917;1;2
06284225;_hypernym;13809207;3;2
01533339;_member_holonym;01533169;1;1
05223550;_synset_domain_topic_of;06057539;1;1
04370048;_hyponym;02963159;1;1
11554175;_hyponym;11636389;1;1
09433952;_hypernym;09190918;2;2
00999817;_derivationally_related_form;04716210;2;2
00374534;_derivationally_related_form;00382109;2;2
02613275;_hyponym;02613487;2;2
01762525;_hyponym;02192388;1;1
01028748;_hyponym;01028079;2;2
05460870;_has_part;05285623;1;2
02073250;_hyponym;02073831;1;1
02147747;_member_holonym;02145084;1;1
04878646;_hypernym;04878101;1;1
07723330;_hypernym;07709333;1;2
09533048;_hypernym;09505418;1;1
09641757;_hyponym;09694529;1;1
12583529;_hypernym;11556857;1;1
01321895;_verb_group;01322223;2;2
13282161;_derivationally_related_form;02284951;2;2
07897200;_hypernym;07892813;1;1
09991867;_derivationally_related_form;01226600;4;2
09162803;_instance_hypernym;08633957;1;1
00981180;_synset_domain_topic_of;08199025;2;1
12958772;_member_meronym;12958921;1;1
15112239;_hyponym;14957270;1;1
08198398;_hyponym;08190292;1;13
01175316;_hypernym;01173038;2;2
01924916;_hyponym;01925695;1;1
07842753;_hypernym;07557434;2;1
02896442;_hypernym;04489008;2;1
02378623;_derivationally_related_form;09773245;2;3
01432517;_hyponym;02616705;1;1
12333530;_member_holonym;12333397;2;1
01432517;_hyponym;02541875;2;73
00776988;_derivationally_related_form;09503282;2;4
01748560;_hypernym;01657723;1;1
00788766;_derivationally_related_form;02531199;2;2
00357023;_derivationally_related_form;01456771;2;2
05302499;_has_part;05532944;2;3
04374735;_synset_domain_topic_of;06232880;2;1
01987160;_derivationally_related_form;08621598;2;3
01613463;_also_see;02326695;2;2
10384610;_hypernym;10004282;1;1
06598915;_hyponym;06714976;2;2
00137313;_hyponym;01036319;2;2
09482916;_part_of;09044862;1;1
11744859;_hyponym;12873834;1;1
01083645;_hypernym;01083077;2;3
04635482;_derivationally_related_form;00808191;2;2
04162998;_hyponym;04434285;1;1
01831531;_hyponym;01992251;1;1
00933420;_member_of_domain_topic;01683271;1;1
01642437;_derivationally_related_form;00240184;2;2
11567411;_hyponym;12395717;1;1
14486767;_derivationally_related_form;00475183;5;2
11529603;_member_meronym;11544769;8;9
10423589;_instance_hyponym;11160457;1;1
04958634;_hypernym;04950126;2;1
02050132;_also_see;01915365;2;3
09816771;_hyponym;10401829;2;2
01257173;_derivationally_related_form;05283498;2;3
07537485;_hyponym;07539367;1;1
00947077;_derivationally_related_form;15268857;2;3
00915605;_derivationally_related_form;07121361;30;24
02618877;_derivationally_related_form;13534608;2;2
10177150;_hypernym;10557854;2;2
09552681;_hypernym;09505418;1;1
04733640;_hyponym;04735929;1;2
12189293;_member_meronym;12189429;1;1
00206302;_derivationally_related_form;00795863;4;2
02012306;_member_meronym;02014646;1;3
00841628;_hypernym;00838367;2;2
06733227;_derivationally_related_form;01017001;2;2
01835496;_hyponym;02058994;3;4
07507912;_derivationally_related_form;00621734;2;2
00488225;_member_of_domain_topic;01076953;1;2
07484265;_hyponym;07487955;2;2
02705201;_has_part;04434285;1;2
11562747;_hyponym;12740514;1;1
09949946;_derivationally_related_form;06677974;22;20
12431128;_member_meronym;12431861;1;1
02076535;_member_holonym;02075727;2;1
10595647;_hyponym;10276764;1;2
13100156;_hyponym;12935609;1;1
11739978;_hypernym;13104059;1;1
06436443;_instance_hypernym;06394865;1;1
03489162;_hyponym;03954731;3;2
13791389;_hyponym;13792579;2;2
13914608;_derivationally_related_form;01256867;2;2
05748285;_hypernym;05748054;2;2
13615235;_hypernym;13614764;1;1
02124748;_derivationally_related_form;05658603;2;2
05539138;_part_of;02472293;2;2
00119297;_hypernym;00118733;1;1
08524735;_instance_hyponym;08958334;1;1
02739254;_hypernym;00339934;3;2
12776212;_member_meronym;12776391;2;1
00849357;_also_see;02392878;2;2
00116619;_derivationally_related_form;00931040;3;2
06157326;_member_of_domain_topic;01716882;1;3
00161225;_derivationally_related_form;01093085;2;2
09937903;_instance_hyponym;11259054;1;1
05233420;_hypernym;05230603;1;1
00735832;_derivationally_related_form;02292535;2;2
13187031;_member_meronym;13187167;22;103
02406916;_derivationally_related_form;00795720;4;2
12708654;_member_holonym;12707432;1;1
00045114;_synset_domain_topic_of;06232880;12;1
00475787;_member_of_domain_topic;10708976;1;1
08860123;_member_of_domain_region;03318294;2201;10484
07367548;_derivationally_related_form;00334186;3;2
11585340;_hyponym;12571606;1;1
01301080;_synset_domain_region_of;08849753;3;1
10338231;_hypernym;09682291;1;1
03006105;_hyponym;03471473;2;1
04524594;_synset_domain_usage_of;06851742;337;1
04048568;_hyponym;03065063;1;1
00634906;_derivationally_related_form;00153809;12;23
09513902;_synset_domain_topic_of;15253139;1;1
10040789;_derivationally_related_form;03260293;2;2
13807403;_hypernym;13805734;1;1
08766988;_has_part;08773679;1;2
01653442;_derivationally_related_form;00923444;293;291
00744506;_derivationally_related_form;04769049;2;2
01433809;_hypernym;01433294;2;1
06738281;_hyponym;06743362;2;2
01056411;_derivationally_related_form;01862918;2;2
12257343;_hypernym;11575425;19;1
00181434;_derivationally_related_form;12036368;2;2
08615149;_hyponym;08600992;1;2
04747899;_hypernym;04742535;2;2
02855793;_derivationally_related_form;01423929;29;5
09315159;_hyponym;09197815;1;1
01509527;_also_see;01872745;2;2
01970866;_hypernym;01342529;2;1
00276373;_hyponym;00278117;1;1
11706761;_has_part;07764847;1;1
13385913;_hyponym;13387209;37207;39892
08926877;_instance_hypernym;09203827;44;2
12318378;_hyponym;12318965;1;1
00172732;_derivationally_related_form;01150200;2;2
02055975;_derivationally_related_form;15282696;4;4
07475364;_derivationally_related_form;09999795;2;2
01133281;_hyponym;01134861;2;2
09606009;_derivationally_related_form;02545272;4;2
08199025;_member_of_domain_topic;08391387;1;1
11225661;_instance_hypernym;09799213;9;1
10483530;_derivationally_related_form;00926702;5;3
01417553;_hypernym;01388130;1;1
15168790;_derivationally_related_form;02649706;2;2
02425462;_hypernym;01650610;2;2
12985010;_member_holonym;12984802;3;2
08981244;_member_of_domain_region;08011266;1;1
01081001;_hypernym;01079480;2;2
00094312;_derivationally_related_form;01896031;2;2
05697363;_derivationally_related_form;00336831;2;2
00759694;_member_of_domain_topic;08015731;1;2
00730499;_hypernym;00650353;3;2
11788926;_hypernym;11556857;1;1
09639719;_hypernym;09638875;2;1
00759269;_hypernym;00759501;1;1
00588780;_derivationally_related_form;09787534;2;2
00139586;_synset_domain_topic_of;06084469;425;1
09943239;_hyponym;10259348;1;13
02560767;_derivationally_related_form;11410625;2;3
02476219;_hypernym;02471762;2;2
00289388;_hypernym;00286497;1;1
01388130;_hyponym;01396776;1;1
13112664;_hyponym;11764814;1;1
08441203;_member_of_domain_topic;13964466;1;10
00820352;_hypernym;01011031;2;2
09610660;_hyponym;10205985;3;2
02181863;_hypernym;01759182;1;1
02642107;_hyponym;02648625;1;1
06295235;_member_of_domain_usage;02887489;1;18
06080522;_member_of_domain_topic;00503715;1;4
05104548;_hypernym;05103946;1;1
00884011;_hypernym;01010118;8;2
00065070;_derivationally_related_form;14322699;6;3
09365443;_instance_hypernym;09403734;1;1
11604393;_member_holonym;11604225;2;1
13022078;_member_holonym;13016457;8;1
00031264;_hyponym;07941729;2;2
09646608;_hypernym;09645091;2;2
02705680;_hypernym;02620587;1;1
10675481;_synset_domain_region_of;08860123;2;1
11449002;_hyponym;11435028;1;1
10365984;_derivationally_related_form;02478059;2;2
06793231;_derivationally_related_form;01498319;2;2
05225602;_hyponym;05405554;2;2
12834408;_member_meronym;12836663;1;170
03875218;_hypernym;14984973;2;2
01094725;_hyponym;00811661;1;2
01342529;_hyponym;01708332;1;1
11972141;_hypernym;11579418;1;1
04716864;_hypernym;04715487;2;2
01448100;_derivationally_related_form;10492202;4;11
00628539;_hypernym;00624738;1;1
01621127;_member_holonym;01620967;7;3
01174742;_derivationally_related_form;00841091;3;2
05392348;_part_of;05393230;1;1
02249995;_member_meronym;02250133;1;1
12651821;_hyponym;12648196;1;1
15078050;_hyponym;14806333;1;1
02561332;_derivationally_related_form;00413239;2;4
00086320;_verb_group;01585523;2;4
02349212;_derivationally_related_form;08324514;4;3
09311259;_has_part;09198574;1;2
00926702;_derivationally_related_form;10483530;3;3
13988663;_hypernym;13985818;2;2
03633091;_hypernym;04531098;119;26
11573660;_hyponym;11846087;1;1
13724582;_has_part;13724474;2;2
01875295;_derivationally_related_form;00348008;2;3
08106934;_member_meronym;08107191;2;2
14050143;_hypernym;14049711;2;2
12898226;_hypernym;11579418;1;1
07027180;_hyponym;07027458;2;2
07966719;_hyponym;07966927;25053;26863
08103777;_hyponym;12975982;1;3
12454159;_member_holonym;12454021;1;2
09623038;_hyponym;10209082;2;2
10829733;_instance_hypernym;10423589;1;1
02468617;_hypernym;05235879;1;1
08779830;_part_of;09006413;4;1
04838727;_derivationally_related_form;00011551;2;2
03007591;_hypernym;04004475;2;2
10024362;_hypernym;00007846;2;2
01372709;_hypernym;01355326;1;1
14877585;_hyponym;14877234;1;2
09195615;_has_part;09372504;2;2
01415807;_hypernym;01400044;2;2
09767197;_derivationally_related_form;02561995;2;2
00744004;_synset_domain_topic_of;01124794;10;1
07334490;_derivationally_related_form;01621219;2;3
00320536;_synset_domain_topic_of;00243918;21;1
08341551;_hypernym;08337324;1;1
01763813;_derivationally_related_form;02452885;3;2
04737934;_hyponym;04738641;1;1
02752567;_hypernym;02604760;2;2
11562747;_hyponym;12299165;1;1
05389939;_hypernym;05289057;1;1
15211484;_has_part;15200164;1;1
00291873;_derivationally_related_form;05018542;2;2
08792548;_part_of;08791167;11;1
13809920;_derivationally_related_form;00956250;3;3
14560253;_hypernym;14548343;1;1
00358089;_derivationally_related_form;01389329;2;3
13189656;_member_meronym;13189844;1;1
01417451;_derivationally_related_form;00182406;2;2
10498046;_derivationally_related_form;01889129;5;2
08574314;_instance_hyponym;08735564;1;1
09148970;_has_part;09224325;3;15
15298011;_synset_domain_topic_of;06128570;4;1
00211108;_derivationally_related_form;14536831;2;3
05651068;_hypernym;00023271;2;2
06136258;_member_of_domain_topic;05675715;1;1
11782522;_member_meronym;11783162;1;1
05261404;_hypernym;05254795;2;2
04432662;_derivationally_related_form;01331689;2;2
01629589;_also_see;01629958;139;82
05088324;_derivationally_related_form;01380122;2;5
10296176;_hypernym;09943239;221;4
08654360;_instance_hyponym;09001580;1;1
02642814;_derivationally_related_form;01066881;2;2
00275088;_derivationally_related_form;11524662;2;2
11911591;_member_meronym;11993007;1;42
06758225;_hypernym;06756407;2;2
03318294;_synset_domain_region_of;08860123;9737;2950
07301336;_hyponym;07313636;2;2
03153375;_has_part;03485997;2;2
01000214;_hyponym;01003049;2;2
03536568;_part_of;04384016;1;1
01628449;_derivationally_related_form;00240184;2;2
01190172;_synset_domain_topic_of;08441203;1;1
06403969;_derivationally_related_form;09889170;2;2
11952153;_member_meronym;11952346;1;1
02675701;_hypernym;01742886;1;1
00294190;_derivationally_related_form;01901447;2;2
08182379;_derivationally_related_form;02028722;2;2
01759326;_derivationally_related_form;09184975;8;2
02724417;_derivationally_related_form;00031921;2;3
08135770;_hypernym;08337324;7;1
08860123;_member_of_domain_region;15138241;1;2
08103777;_hyponym;11668573;1;3
00008435;_derivationally_related_form;06878934;2;2
02652668;_hyponym;02654425;1;1
09435065;_instance_hypernym;09403734;1;1
10210648;_derivationally_related_form;01753596;3;2
01301410;_hyponym;01302183;1;1
08755436;_part_of;08755214;1;2
05785508;_derivationally_related_form;02164825;2;5
02321757;_derivationally_related_form;10707804;2;2
12780852;_member_holonym;12779233;1;1
07075172;_member_of_domain_usage;00144722;1;3
01577093;_derivationally_related_form;07364434;2;4
14892138;_hypernym;14706749;1;1
01020005;_derivationally_related_form;06763273;3;3
03637027;_hypernym;03546766;1233;1560
00634472;_derivationally_related_form;09178999;2;4
02613960;_member_meronym;02614288;1;1
08199025;_member_of_domain_topic;00057306;1;7
00290302;_hypernym;00153263;2;2
01352574;_hyponym;01356888;1;1
00540235;_derivationally_related_form;00367768;2;3
02872752;_has_part;03068707;1;2
01686132;_hyponym;01755137;2;2
00623151;_hyponym;00625119;2;2
00356258;_hyponym;01277974;2;2
06037666;_member_of_domain_topic;00920510;1;2
06598445;_hypernym;05808794;2;2
00086320;_hypernym;00081072;2;2
00882961;_derivationally_related_form;02124748;2;2
01941093;_hyponym;01941838;1;1
02540983;_member_holonym;02540637;1;1
12141495;_hyponym;12143676;2;15
10030277;_instance_hyponym;11295196;1;1
00764902;_derivationally_related_form;13971561;3;2
01774426;_derivationally_related_form;07503430;2;2
08857260;_part_of;08853741;1;1
08505573;_instance_hyponym;09169303;1;1
02587532;_hyponym;02587895;1;2
09233715;_instance_hyponym;09127461;1;1
08675145;_hypernym;08595720;1;1
09403734;_instance_hyponym;09416570;3;165
11908718;_member_holonym;11900058;1;1
06721949;_derivationally_related_form;01040707;2;2
01706129;_derivationally_related_form;09809925;2;2
07362830;_hyponym;07362386;2;3
11447851;_derivationally_related_form;01874875;3;2
04887912;_hyponym;04888268;1;1
01068380;_derivationally_related_form;10003283;2;2
04450749;_synset_domain_usage_of;06295235;28;1
02327200;_hyponym;02332311;2;2
00998399;_derivationally_related_form;03924069;2;5
10485440;_derivationally_related_form;00748155;2;2
00717358;_hypernym;02367363;3;2
13311368;_hypernym;13310230;1;1
11608885;_hypernym;15098161;1;1
11313507;_instance_hypernym;10672908;1;1
10257221;_hypernym;09608709;255;43
13289159;_part_of;13262663;2050;2048
00870312;_hypernym;00869583;2;2
05823054;_derivationally_related_form;00896803;4;2
02748927;_derivationally_related_form;03169390;2;4
04850996;_hypernym;04850589;3;2
09448361;_hyponym;09411430;8;7
07531536;_hypernym;07531255;1;1
01419160;_hypernym;01418667;31;16
08780881;_member_of_domain_region;09542541;1;2
11880218;_hypernym;11575425;1;1
08899776;_part_of;08897065;1;1
11943299;_member_holonym;11911591;25;1
12701901;_hypernym;11585340;1;1
01991472;_hyponym;01962865;1;1
06798750;_derivationally_related_form;01275762;4;3
00996485;_hypernym;00993014;2;2
01371756;_derivationally_related_form;00136329;3;2
13112664;_hyponym;12343480;1;1
06240244;_member_of_domain_topic;03716656;1;1
02878222;_derivationally_related_form;01951276;2;2
06226057;_hyponym;06228549;1;2
07086323;_hypernym;07083732;2;1
01932495;_member_holonym;01932358;1;2
01995549;_hyponym;01935233;3;2
07901587;_hyponym;07903208;1;1
13518963;_hyponym;13491060;2;2
02877513;_synset_domain_region_of;08860123;1;1
02117369;_hypernym;01864707;1;1
11940006;_hyponym;11940599;1;1
03774673;_synset_domain_usage_of;06845599;1;1
02621901;_derivationally_related_form;13431722;2;3
13421462;_hypernym;05898568;2;2
00249313;_hyponym;01113806;1;1
01819147;_derivationally_related_form;07542675;2;2
09095751;_has_part;09096498;1;1
02579447;_derivationally_related_form;00272713;4;2
08751494;_member_holonym;08176077;1;1
00017222;_member_of_domain_topic;00134136;1;1
01044084;_hypernym;01028655;2;1
13872421;_hyponym;05609884;1;2
03975232;_derivationally_related_form;01152670;3;3
06674542;_derivationally_related_form;00970732;2;2
00419950;_hyponym;00304422;2;2
12513426;_hypernym;11585340;1;1
02540670;_derivationally_related_form;10582154;2;2
05413241;_hypernym;05407119;1;1
04863358;_derivationally_related_form;01743909;2;2
10018021;_hyponym;09957834;1;2
11599165;_member_holonym;11598991;1;2
01443871;_hypernym;01443021;2;1
02494356;_derivationally_related_form;00328327;2;2
02410313;_member_meronym;02410702;1;1
00226379;_hypernym;00224901;1;1
00441445;_hyponym;00429968;1;1
00495998;_derivationally_related_form;10785333;2;3
00814850;_hyponym;00776059;2;2
07546125;_derivationally_related_form;01463965;2;2
06744154;_synset_domain_topic_of;06169050;1;1
15178841;_has_part;15218663;1;1
02607345;_member_holonym;02606194;1;1
00527695;_hypernym;00428270;3;2
09221070;_hypernym;09444100;1;1
00006802;_hypernym;00007012;1;1
01453852;_member_holonym;02527813;5;1
07334490;_derivationally_related_form;01656458;3;5
06453324;_instance_hypernym;06429590;1;1
00240754;_hypernym;00240184;2;2
01313093;_member_meronym;02315309;2;2
13727333;_hypernym;13609507;1;1
10048218;_hypernym;09605289;2;1
00363110;_hypernym;02680814;1;1
03781787;_hyponym;02962938;2;2
01775535;_derivationally_related_form;05813229;2;4
07137950;_hypernym;07138085;1064;264
07171785;_hypernym;07170753;2;3
14056280;_has_part;14060256;1;1
00586262;_hyponym;00588473;1;1
04226537;_hyponym;03010473;2;2
02803129;_hypernym;04073669;1;1
04100174;_hyponym;03351979;2;2
05968450;_hypernym;05996646;3;2
08949093;_has_part;08950907;9;310
12610933;_member_holonym;11667562;2;4
04188643;_hyponym;02856463;2;2
11571907;_hyponym;11700676;1;1
09994943;_derivationally_related_form;00358431;3;2
02333225;_derivationally_related_form;00841628;2;3
01963136;_hypernym;01939598;1;1
05015463;_derivationally_related_form;00369864;3;10
07064715;_hyponym;07065562;1;1
00115803;_derivationally_related_form;01566916;15163;12240
01623284;_member_holonym;01621714;1;1
00444629;_hyponym;00444975;2;1
14806176;_hypernym;14805899;1;1
00060185;_verb_group;01430447;2;3
01483188;_member_meronym;01485073;1;1
01419332;_member_holonym;01419082;1;1
05288091;_hypernym;05267548;2;2
01868258;_derivationally_related_form;00348571;44;17
02635956;_hyponym;02634808;2;2
09071690;_has_part;09325395;1;112
05397468;_hyponym;05504107;1;2
01648993;_hypernym;01626600;1;1
01390287;_member_holonym;01389875;1;1
00893955;_hyponym;00894359;1;2
02067689;_derivationally_related_form;07405893;3;3
05907682;_hyponym;05908882;2;2
00754956;_hyponym;00756194;1;1
08336188;_hypernym;08329453;1;1
12321873;_member_holonym;12319687;1;1
04590746;_derivationally_related_form;01392237;3;3
07006119;_member_of_domain_topic;01720980;1;5
08199025;_member_of_domain_topic;06804847;1;1
10404426;_hypernym;10703692;2;2
04975988;_hyponym;04978792;1;1
02170269;_member_meronym;02170400;1;1
00231557;_hyponym;00357332;1;2
02327200;_hyponym;02323286;2;2
03325941;_hypernym;03497657;1;1
13548531;_hypernym;13453160;1;1
15140405;_has_part;15143477;1;3
01835496;_also_see;01994442;3;26
03683708;_part_of;02752311;2;2
11770013;_hypernym;11567411;1;1
07384898;_derivationally_related_form;01053771;4;2
02336449;_also_see;00106456;2;3
00469637;_hypernym;00208836;2;2
12792638;_member_meronym;12793015;1;1
12108742;_member_holonym;12100538;52;1
00118523;_derivationally_related_form;15133621;2;2
01129532;_hypernym;01128984;3;2
01864707;_hyponym;02500472;1;1
00268011;_hypernym;00205046;2;1
13928388;_hyponym;13931765;1;2
05560787;_has_part;05573602;2;2
03478907;_hypernym;04105893;1;1
05461179;_has_part;05254795;2;2
07204240;_hyponym;07206461;1;1
03705379;_derivationally_related_form;00399788;2;2
02282903;_member_holonym;02282716;1;1
05034473;_hypernym;05190804;21215;8757
06070929;_hypernym;06037666;2;2
10012484;_derivationally_related_form;07560903;11;16
03228016;_hypernym;02817799;1;1
00877127;_hyponym;00879759;4;4
01931398;_hypernym;01921887;1;1
13123431;_hypernym;13122985;1;1
00291873;_hyponym;00292368;1;1
04362821;_hypernym;04231693;1;1
07262108;_hypernym;07258332;1;1
02327200;_hyponym;02296726;1;2
13601596;_hyponym;13630036;1;1
09503282;_hypernym;09483738;2;2
01311103;_hypernym;01282545;2;2
13122364;_hyponym;12945177;1;1
04437953;_has_part;03482523;1;2
01957529;_hyponym;01960296;1;1
08855505;_part_of;08853741;1;1
00236592;_derivationally_related_form;00808182;2;2
01015104;_derivationally_related_form;10760763;2;2
13365698;_derivationally_related_form;02215506;2;2
02808440;_part_of;02807731;2;2
10835022;_instance_hypernym;10030277;1;1
05979595;_hypernym;05978812;1;1
11957912;_member_holonym;11911591;5;1
03767459;_derivationally_related_form;01695459;3;2
13145250;_hypernym;13144794;1;1
01657723;_hyponym;01678887;1;1
05514717;_hypernym;05513302;2;2
11703669;_member_holonym;11703386;59;1
00509039;_synset_domain_topic_of;03082979;1;1
03430959;_hyponym;03351434;1;2
05697135;_hyponym;05697976;2;2
04618070;_derivationally_related_form;00618878;2;2
02394662;_derivationally_related_form;10005721;2;3
09252970;_derivationally_related_form;02025009;3;4
00103419;_hypernym;00103140;1;1
09753498;_hypernym;00007846;2;1
00529101;_synset_domain_topic_of;00528667;1;1
12485811;_hypernym;11567411;1;1
12471366;_member_holonym;12423565;1;1
09930876;_derivationally_related_form;02566227;2;2
10099093;_instance_hyponym;11020721;1;1
01309701;_also_see;01313923;6;39
01476483;_hyponym;01127215;1;1
10317007;_hyponym;10347593;1;4
02320621;_hypernym;02316038;1;1
03181501;_derivationally_related_form;01351601;2;2
10929886;_instance_hypernym;09920283;1;1
02194913;_derivationally_related_form;07503260;2;2
15049594;_hypernym;14940100;2;2
10294139;_synset_domain_topic_of;08199025;4;1
09883947;_hypernym;10254965;1;1
00396325;_hypernym;00394813;2;2
04419073;_hypernym;04365484;2;1
00893955;_derivationally_related_form;00100044;3;2
03183080;_hyponym;02676261;2;2
12731202;_member_meronym;12731401;1;1
08558155;_derivationally_related_form;10231515;2;2
00383390;_derivationally_related_form;01579813;2;2
02449847;_hyponym;02677567;2;2
00500280;_hypernym;00565302;1;1
01053920;_hyponym;01054227;2;2
03514974;_hypernym;02718259;1;1
00645771;_derivationally_related_form;00152727;2;4
02391049;_member_holonym;02373843;1;1
05945642;_hyponym;05837957;2;2
01491235;_member_holonym;01488539;1;1
13903387;_derivationally_related_form;02710673;2;2
00467719;_hyponym;00476389;2;2
01460421;_also_see;01244410;2;5
09460888;_part_of;08813978;1;1
10325243;_derivationally_related_form;00475819;2;2
01632103;_hypernym;01631534;2;2
01225783;_hyponym;01225997;1;1
14561618;_hyponym;14562142;2;2
02525866;_member_meronym;02526121;1;2
07580053;_part_of;07573696;2;1
08983742;_part_of;08982587;1;1
09292751;_instance_hypernym;00031264;1;7
02681795;_also_see;00235918;91;507
01822773;_member_meronym;01823610;1;1
06677974;_derivationally_related_form;09949946;22;25
00396029;_derivationally_related_form;00451648;2;2
02395003;_hyponym;02396796;1;1
15180528;_hypernym;00033615;2;2
00112628;_derivationally_related_form;05783940;2;3
10215623;_hypernym;09617867;2;2
01222477;_hyponym;01222666;2;2
04517535;_hyponym;03971771;1;1
10328782;_hypernym;10640620;1;1
08709038;_has_part;08756202;1;1
07160883;_hyponym;07201365;3;2
13740168;_hyponym;13740765;1;1
11565385;_hyponym;12359734;1;1
02436514;_member_meronym;02436645;1;1
06880249;_hyponym;01072236;2;2
04294879;_hypernym;03322570;2;2
09143649;_instance_hypernym;08524735;31;1
00180413;_derivationally_related_form;02236124;4;3
00015388;_member_of_domain_topic;09469285;1;1
08947319;_instance_hypernym;08698379;1;1
13391118;_hypernym;13388245;52;326
00757544;_hypernym;00685683;2;2
09865954;_hyponym;10593745;2;2
06226057;_member_of_domain_topic;08312559;745;21936
02640242;_hypernym;02638596;1;1
02000036;_hypernym;01759182;1;1
02651424;_hyponym;02653159;2;1
10605985;_hyponym;10614629;1;1
10122300;_derivationally_related_form;01316619;2;2
02647503;_member_meronym;02647660;1;1
01574801;_member_holonym;01574671;1;1
00306426;_hyponym;00307631;53;102
09029457;_member_holonym;08172103;1;1
05481870;_hypernym;05486510;1;1
00704305;_member_of_domain_topic;15146545;1;1
13259917;_derivationally_related_form;01100145;2;2
02586382;_member_meronym;02587761;1;1
12299988;_hypernym;11562747;1;1
06630017;_derivationally_related_form;00897241;3;2
00981944;_derivationally_related_form;07125958;2;2
11418460;_derivationally_related_form;01468097;2;2
10401639;_derivationally_related_form;02294179;3;2
02151700;_hypernym;02150948;1;1
01449974;_hyponym;02077656;2;2
01412279;_member_holonym;01412085;2;1
11585340;_hyponym;12519328;1;1
00281101;_derivationally_related_form;00274707;2;3
02902250;_hyponym;03068707;1;2
09148970;_has_part;09152401;1;31
04935528;_derivationally_related_form;01220885;3;3
10380672;_hyponym;09617161;1;2
03931044;_hypernym;04076846;2;2
01476685;_synset_domain_topic_of;06037666;151;1
03147509;_hypernym;03094503;2;2
08349681;_hypernym;08337324;1;1
02441022;_hyponym;02442737;2;2
09169801;_part_of;08723006;1;7
10522759;_hypernym;00007846;2;2
08030711;_instance_hypernym;08392137;1;1
13108841;_hyponym;11628456;1;1
00955601;_derivationally_related_form;06742173;2;3
10648237;_derivationally_related_form;02394662;3;2
12508077;_hypernym;11585340;1;1
07787429;_part_of;01957335;2;1
03692379;_hypernym;03051540;2;1
09277279;_part_of;09071690;105;1
04754440;_derivationally_related_form;00684480;2;2
13996300;_hyponym;13998576;2;2
14800277;_hypernym;14682133;1;1
04913839;_derivationally_related_form;02457233;2;2
01981137;_hypernym;01762525;133;3
08524735;_instance_hyponym;09100223;1;27
00234423;_derivationally_related_form;02535896;2;2
12039743;_member_meronym;12073410;1;1
06021247;_synset_domain_topic_of;06018465;1;1
02471072;_member_holonym;02470451;331;24
09991867;_hyponym;10694849;1;1
09326299;_part_of;08815046;1;8
13068073;_hypernym;11592146;1;1
04723816;_hyponym;04810865;1;1
01220619;_hyponym;01220336;1;1
06282651;_member_of_domain_topic;07109196;1;1
05773049;_derivationally_related_form;00772640;2;3
12393086;_hypernym;12205694;1;1
08110373;_member_holonym;08108972;2;4
04401088;_has_part;04402580;1;1
02713218;_derivationally_related_form;05578442;2;2
06687358;_hyponym;06687701;1;2
05921868;_derivationally_related_form;00692718;3;2
01240188;_hypernym;01239862;2;2
08359949;_hypernym;08189659;2;2
00057486;_hypernym;00053913;4;2
10453533;_instance_hyponym;11127188;1;1
03065516;_derivationally_related_form;05971394;2;2
08893223;_has_part;08893492;1;1
12512947;_member_holonym;12501745;2;1
08386555;_hyponym;08388207;1;2
02950826;_derivationally_related_form;09811852;2;3
01121948;_derivationally_related_form;10038929;2;2
08766988;_has_part;08769329;1;4
02001428;_member_meronym;02007721;1;21
02326355;_verb_group;01315333;2;2
11449907;_member_of_domain_topic;03462747;1;1
02075462;_hyponym;02073714;2;3
05044673;_hyponym;05044822;2;2
02440705;_member_meronym;02448754;1;1
11647306;_hyponym;11648039;1;1
09179776;_derivationally_related_form;00770437;4;2
03331244;_hypernym;03309808;1;1
04994824;_hypernym;04992163;1;1
09435965;_member_holonym;09232841;1;1
09287968;_instance_hyponym;09392162;1;1
05018103;_hypernym;05009170;2;2
12009616;_member_holonym;11911591;1;1
03029133;_derivationally_related_form;10851599;2;2
11911591;_member_meronym;11925140;1;5
00103875;_derivationally_related_form;14290534;2;2
06845599;_member_of_domain_usage;04527808;1;7
09960688;_hypernym;09878275;2;2
00296263;_synset_domain_topic_of;02691156;2;1
00996969;_hyponym;01004961;1;2
12168565;_member_holonym;12168385;1;1
08655464;_instance_hyponym;09152944;1;1
00225150;_hypernym;00220023;1;1
12934479;_member_holonym;12934368;1;1
00916464;_hyponym;00919513;2;2
02866578;_derivationally_related_form;01131902;2;3
00168217;_derivationally_related_form;00364787;2;2
02331309;_hyponym;02348788;1;1
08665504;_instance_hyponym;09153710;1;1
08923348;_part_of;08921850;1;1
00457327;_derivationally_related_form;00380994;2;3
00058743;_hyponym;00059127;2;2
14023997;_hyponym;14036203;2;2
12615427;_member_holonym;12610933;7;1
01013971;_hypernym;01012712;2;1
02201644;_hyponym;02294179;2;2
04700642;_derivationally_related_form;01265989;2;2
01543123;_also_see;01984902;4;9
11841529;_member_meronym;11850748;1;1
00181258;_derivationally_related_form;11683556;2;3
14450691;_hypernym;14449126;2;2
11575425;_hyponym;12257343;1;19
10741152;_hypernym;09631463;1;1
13081050;_hypernym;11592146;1;1
01468712;_member_holonym;01468532;1;1
06776138;_hyponym;06780678;2;3
03091374;_hyponym;03462747;2;2
04985198;_hypernym;04983122;2;2
14856263;_hyponym;14857278;2;2
01682761;_hypernym;01675963;1;1
02573704;_hypernym;02554730;1;1
02529293;_hypernym;01428580;1;1
02409202;_member_holonym;02408217;1;1
01404129;_member_meronym;01404813;1;1
00260648;_derivationally_related_form;04083468;2;2
07491981;_derivationally_related_form;01820302;3;3
02249365;_hypernym;01759182;1;1
01621127;_derivationally_related_form;01053221;2;2
02600255;_derivationally_related_form;08223263;2;2
00084107;_derivationally_related_form;00698609;2;2
13506587;_derivationally_related_form;02071837;120;85
04537602;_hyponym;04383537;262;265
00968211;_derivationally_related_form;10483138;2;3
08755852;_part_of;08747054;1;1
00201407;_derivationally_related_form;01068184;2;2
00411312;_derivationally_related_form;08111783;2;2
00195569;_hypernym;00191142;2;2
13624509;_has_part;13624190;2;3
08337324;_hyponym;08129883;1;2
03731695;_derivationally_related_form;01232272;2;2
02233767;_member_meronym;02233943;1;1
01628450;_member_meronym;01635659;1;1
02103925;_hypernym;01850315;2;2
00344174;_derivationally_related_form;13512036;2;2
02774630;_derivationally_related_form;01454246;2;2
01637982;_derivationally_related_form;00043195;3;5
05855125;_hyponym;05861067;2;2
06075527;_member_of_domain_topic;01320314;1;6
06680002;_derivationally_related_form;10266486;23927;24307
09051235;_instance_hypernym;08574314;1;1
03157582;_hypernym;02720725;1;1
02162434;_hypernym;02168555;1;1
01778017;_derivationally_related_form;05924519;2;2
12740514;_member_meronym;12743680;1;43
02371811;_derivationally_related_form;00621627;2;2
07241837;_hypernym;07238694;2;2
01521912;_hypernym;01212230;2;2
04061442;_hyponym;04548771;1;1
05784831;_hyponym;05785508;3;5
00431117;_derivationally_related_form;00357906;2;3
11296139;_instance_hypernym;10020890;1;1
10629020;_derivationally_related_form;01501347;3;2
13874384;_part_of;13873502;3;2
10235549;_derivationally_related_form;13928388;2;3
02327200;_hyponym;02336015;2;2
08766988;_has_part;08772307;1;1
14545045;_derivationally_related_form;03054551;2;2
12771597;_member_holonym;12770277;1;1
12476510;_hypernym;13121104;2;1
12122245;_member_holonym;12122124;1;1
12041446;_hyponym;12051514;1;1
08702402;_instance_hyponym;08732116;1;1
08962951;_instance_hypernym;08524735;108;1
08199025;_member_of_domain_topic;06642899;1;1
03800933;_derivationally_related_form;01707925;5;6
01837744;_also_see;00914421;4;3
01185304;_derivationally_related_form;07575076;2;2
01957739;_member_holonym;01957591;7;1
00181258;_derivationally_related_form;00394803;2;3
07951464;_hyponym;08271042;3;2
08955626;_has_part;08956140;1;1
00670261;_hyponym;02531625;2;5
08289089;_hypernym;08288753;1;1
13079203;_member_holonym;13077479;5;1
11013876;_instance_hypernym;10022111;18;1
02173571;_member_holonym;02171633;1;1
09239740;_hypernym;00019128;2;3
04211528;_derivationally_related_form;02449340;2;2
03247620;_hyponym;03248958;2;3
00056930;_hyponym;00057665;1;1
01700076;_hypernym;01342529;1;1
08941681;_member_of_domain_region;01271107;1;1
08514865;_hypernym;08512736;3;2
12451915;_hyponym;12453186;1;1
12102133;_hyponym;12133151;1;1
08518940;_hyponym;08519444;1;1
07555647;_derivationally_related_form;00857923;2;2
02362601;_hypernym;02339413;2;2
01761706;_hyponym;01807529;2;3
11647703;_hypernym;11647306;1;1
07419599;_hypernym;07357388;2;2
06780882;_hypernym;06776138;2;1
08487504;_member_meronym;08896092;46;747
14521954;_hypernym;14521648;1;1
00201058;_derivationally_related_form;00550546;10931;12161
09615807;_hyponym;10049017;1;1
01891638;_hypernym;01891249;1;1
02445715;_hyponym;02446352;2;10
13925550;_derivationally_related_form;00461493;3;2
07229530;_derivationally_related_form;00883226;4;8
03207305;_part_of;04039848;2;1
00021939;_hyponym;04083468;2;2
01917244;_derivationally_related_form;14549937;2;2
11772408;_hypernym;12205694;1;1
08524735;_instance_hyponym;09058841;2;53
10421956;_derivationally_related_form;00101609;2;2
01344293;_derivationally_related_form;10737431;2;2
05249636;_derivationally_related_form;02358034;2;2
00109660;_hyponym;00267041;2;2
07985223;_derivationally_related_form;01292885;3;2
01961862;_hypernym;01939598;1;1
00055010;_hypernym;00104868;2;1
03473966;_derivationally_related_form;00049102;99;28
12250413;_hypernym;11565385;1;1
01614769;_hypernym;01507175;1;1
00617095;_hypernym;00690614;2;2
01583656;_verb_group;01583494;2;2
04737568;_hypernym;04735929;1;1
00299580;_hypernym;00123170;5;3
06043075;_hyponym;06051134;1;2
08103777;_hyponym;01975312;2;12
13526110;_hyponym;13505467;1;1
02260362;_hyponym;02346136;1;2
13244109;_hyponym;13246475;2;2
03328650;_hypernym;02707683;1;1
02096756;_hyponym;02097047;1;2
10555679;_derivationally_related_form;01761706;3;2
09130076;_has_part;09130714;1;1
07689003;_hypernym;07687789;13766;15273
08191987;_has_part;08193854;1;1
01834896;_hypernym;01834485;1;1
14448200;_hypernym;14475661;2;2
00658913;_hypernym;00658052;3;2
00639556;_has_part;05798569;1;2
02654609;_hypernym;01432517;1;1
04561548;_derivationally_related_form;01375637;2;2
02164531;_derivationally_related_form;06877381;2;2
01051082;_hypernym;01048912;2;2
06090869;_member_of_domain_topic;13590327;1;1
00381680;_derivationally_related_form;02622234;3;7
01710348;_member_holonym;01708778;209;64
12002197;_member_holonym;11911591;23;1
11959489;_member_holonym;11911591;92;1
01901133;_hypernym;01904930;132;23
01069190;_derivationally_related_form;00145218;2;3
02631238;_derivationally_related_form;01639369;3;2
13028611;_hyponym;13030852;1;1
00156101;_derivationally_related_form;02373785;2;2
10722385;_hypernym;10363913;2;2
02483564;_derivationally_related_form;13737480;2;2
13714184;_hypernym;13608598;1;1
08101410;_derivationally_related_form;02329578;3;3
06879180;_hypernym;06873252;2;2
02179429;_member_meronym;02180233;1;2
02158846;_part_of;02084071;1;1
02307547;_hypernym;02306462;2;2
14285662;_hyponym;14288235;2;6
01526635;_member_holonym;01524885;1;1
08860123;_member_of_domain_region;00292386;1;67
08308497;_derivationally_related_form;00876665;2;2
00430099;_hypernym;00429060;2;1
04262161;_hypernym;04080454;2;2
00539121;_hyponym;00541035;1;1
01360712;_member_meronym;01360937;3;1
00657604;_has_part;00153105;2;4
00493703;_derivationally_related_form;00805524;2;2
01512465;_derivationally_related_form;00105164;2;2
00759694;_hyponym;00763787;1;1
02064887;_hyponym;02066304;2;2
09748889;_derivationally_related_form;03068473;2;2
00824767;_hyponym;00824292;2;2
00933420;_hyponym;00935247;2;3
04663763;_hypernym;04662951;2;2
01350855;_hypernym;01355326;1;1
01949218;_synset_domain_topic_of;00815801;1;1
12513426;_member_meronym;12513613;1;1
03352628;_hyponym;03639077;1;1
03386011;_instance_hyponym;02805584;1;1
07291312;_hyponym;07334490;4;4
01230965;_derivationally_related_form;02486932;2;4
06309383;_hypernym;07997703;2;2
02526934;_derivationally_related_form;15291199;2;2
06926458;_hyponym;06927486;1;1
10360747;_hyponym;10580772;1;1
07907161;_hypernym;07906284;2;2
11839297;_member_holonym;11835806;38;1
03142912;_hypernym;03081021;2;1
00960961;_derivationally_related_form;06420781;2;2
01066542;_derivationally_related_form;02466134;2;2
08282696;_hypernym;08276720;2;1
14915622;_derivationally_related_form;01208400;2;2
05769833;_derivationally_related_form;00930368;2;2
01457489;_hypernym;01555742;3;1
01376245;_hypernym;01377032;2;2
11790624;_member_meronym;11790788;1;1
02719750;_hyponym;04007239;489;478
08633957;_instance_hyponym;09165146;1;5
01251928;_hypernym;01249724;2;2
09408977;_part_of;08929922;1;2
01523656;_derivationally_related_form;01543731;2;2
00162688;_hyponym;00577330;1;1
00373766;_derivationally_related_form;14289590;2;2
13196545;_hypernym;13167078;1;1
00252019;_hyponym;00252710;2;2
02344060;_hypernym;02199590;2;2
01510576;_hyponym;00355365;1;1
00363260;_derivationally_related_form;00156601;3;2
10123844;_instance_hyponym;10927824;1;1
05333467;_hypernym;05287882;2;1
12522188;_hypernym;13104059;1;1
01864707;_hyponym;02397377;1;1
00414627;_hypernym;01855606;2;2
12576323;_part_of;12576029;1;1
10112591;_hyponym;09877951;1;2
08227214;_hyponym;08230477;1;1
00656292;_hypernym;00654625;3;2
11158982;_instance_hypernym;10650162;1;1
00061933;_hypernym;00083809;2;1
00229934;_derivationally_related_form;00478217;2;2
09999135;_derivationally_related_form;00847870;2;3
11065345;_instance_hypernym;10030277;1;1
06037666;_member_of_domain_topic;00382010;1;2
07363346;_derivationally_related_form;01970826;2;2
13329641;_hyponym;13331198;2;2
09044862;_has_part;09356320;1;1
00243918;_member_of_domain_topic;02191766;1;2
00007328;_derivationally_related_form;10803193;2;2
00671351;_hyponym;00674562;2;2
14852450;_hypernym;14580897;2;2
01583373;_member_holonym;01582625;4;1
01189427;_derivationally_related_form;01069980;8;14
02348568;_derivationally_related_form;00240184;7;2
02492536;_member_holonym;02491590;1;1
05667613;_derivationally_related_form;00981083;2;2
00093327;_derivationally_related_form;00068617;2;2
03450516;_derivationally_related_form;00106592;4;2
01708113;_derivationally_related_form;09809925;2;2
02913152;_has_part;04587648;2;5
14959644;_hypernym;14991927;2;1
13743605;_derivationally_related_form;01465218;3;2
06956544;_hyponym;06956896;1;1
09074431;_part_of;09071690;1;1
09340935;_part_of;09086173;3;2
08524735;_instance_hyponym;08810220;1;110
00203342;_derivationally_related_form;00685683;3;2
14586258;_hyponym;14586769;2;2
10388440;_hyponym;10085736;1;1
04871720;_derivationally_related_form;00763901;2;2
09632518;_hyponym;10035430;2;2
00289175;_hypernym;00288970;2;2
01628197;_derivationally_related_form;03433877;2;2
09722399;_hypernym;09634494;2;1
05148699;_derivationally_related_form;02495922;3;2
13458571;_hyponym;13456567;1;2
02228031;_hypernym;02222318;3;3
01762525;_hyponym;02201758;1;1
15178417;_hyponym;15178841;2;2
10017422;_derivationally_related_form;01955127;2;2
01812720;_hypernym;01761706;4;2
07358060;_derivationally_related_form;00477665;2;2
00774107;_hypernym;00774796;2;2
08691669;_instance_hyponym;09036880;1;1
02255942;_hypernym;02200686;2;1
12501745;_member_meronym;12571194;1;74
09009490;_part_of;09006413;1;1
13760316;_hyponym;13773361;2;2
00029378;_hyponym;00030358;2;2
08153102;_member_meronym;10250527;1313;1035
03611590;_hyponym;03606572;1;1
02521646;_hyponym;02525703;1;1
08672562;_hypernym;08574314;3;2
03884778;_synset_domain_region_of;08780881;1;1
13112664;_hyponym;12680402;1;1
05395690;_has_part;05508943;1;2
02072849;_hypernym;01992503;2;2
00941990;_hyponym;00745383;1;1
00007846;_hyponym;10012815;26586;38425
05725378;_hypernym;05721180;2;2
06648724;_hyponym;06649567;2;2
01803078;_hyponym;01803641;2;1
12884260;_hypernym;11669921;1;1
07737081;_hyponym;07772935;1;1
03214670;_hyponym;03718056;1;1
01316949;_hypernym;00015388;2;1
01657723;_hyponym;01678237;1;1
12317296;_member_holonym;12317164;1;1
07475364;_hyponym;07476623;2;2
01854047;_member_meronym;01854223;1;1
02302620;_member_holonym;02301072;12;1
09069862;_has_part;09070233;1;1
14837364;_hypernym;14877585;14;2
04955160;_derivationally_related_form;01246095;2;2
01767661;_hypernym;01905661;2;2
01116585;_hyponym;02706816;2;2
02245592;_member_meronym;02252039;1;1
07441619;_derivationally_related_form;01522276;120;84
08898187;_instance_hypernym;08633957;3;1
10524413;_derivationally_related_form;00717358;2;2
03804744;_has_part;03501288;1;1
02409412;_derivationally_related_form;10054657;2;2
08797840;_part_of;08792548;571;19
07382572;_hyponym;07387316;1;1
05651068;_part_of;05650820;2;1
15160579;_hypernym;15209413;3;2
00968155;_instance_hyponym;01289061;1;1
14973133;_hyponym;15021085;1;1
01974062;_hyponym;01455754;1;1
09838370;_hypernym;10273064;2;1
00421691;_hypernym;00426958;1;1
12582846;_hyponym;12585137;1;1
09966255;_hyponym;10468559;2;1
04773351;_hyponym;04773596;2;2
01762525;_hyponym;02289845;1;1
10162991;_hyponym;10570019;1;2
01580467;_hyponym;01582200;1;2
00810226;_hypernym;00809654;1;1
00976224;_hypernym;00975902;2;2
07503260;_hyponym;07504111;1;1
01323958;_hyponym;01323338;1;1
06037298;_hypernym;06000400;2;2
09307902;_has_part;09345932;1;2
06709533;_hypernym;06598915;2;2
05946687;_hyponym;06224657;1;2
10702781;_hyponym;10155222;2;2
05010062;_derivationally_related_form;00006336;2;2
07809368;_hyponym;07827554;1;1
00245059;_hypernym;00151689;5;2
06845599;_member_of_domain_usage;03197804;1;82
03839993;_hyponym;03520811;2;4
04061442;_hyponym;04243727;1;2
06077648;_member_of_domain_topic;01348530;1;19
01825237;_derivationally_related_form;04945057;3;3
00361641;_hypernym;00126264;1;1
10876798;_instance_hypernym;10072708;1;1
10363913;_derivationally_related_form;00345761;10;3
08633957;_instance_hyponym;09013353;1;253
13112664;_hyponym;12229443;1;1
02544348;_derivationally_related_form;00802962;2;4
00864535;_hypernym;00859001;2;1
11573660;_hyponym;11814440;1;1
10491575;_instance_hyponym;10839791;1;1
01665081;_derivationally_related_form;07695965;2;2
03763968;_hyponym;04071393;39;147
05461816;_has_part;05295381;1;1
09765278;_hyponym;09840050;1;1
08524735;_has_part;08543625;1;1
01695259;_member_meronym;01725240;2;2
07201804;_derivationally_related_form;00987071;2;2
11639863;_member_holonym;11629501;1;1
08227214;_hypernym;08049401;3;2
02557461;_member_meronym;02557591;1;1
01075164;_derivationally_related_form;00235435;6;2
04565375;_hyponym;03935450;1;1
06170025;_member_of_domain_topic;06348500;1;2
03446268;_hypernym;03501614;2;2
09356080;_instance_hypernym;09411430;76;1
09189411;_has_part;08995862;1;1
01850315;_hyponym;01876028;2;2
07624466;_hypernym;07557434;2;1
08524735;_instance_hyponym;08705251;1;12
05538625;_has_part;05600637;2;5
07518468;_derivationally_related_form;00202934;2;2
00351963;_derivationally_related_form;07291312;3;5
07006119;_member_of_domain_topic;01720491;1;1
04399537;_hypernym;03905540;2;2
01100145;_derivationally_related_form;07354731;2;2
10560637;_hyponym;10127689;2;2
09873348;_derivationally_related_form;00774344;2;2
00916464;_hyponym;00917211;2;4
02526085;_hyponym;02526934;2;2
12137120;_hypernym;12135898;2;1
09624980;_hyponym;10409752;2;2
01009190;_hyponym;01009637;2;2
00376715;_derivationally_related_form;01573515;2;3
01580467;_hyponym;01580928;2;2
10778345;_member_holonym;08149160;1;1
00594836;_derivationally_related_form;09931640;3;3
12244153;_member_holonym;12243927;1;7
14042423;_derivationally_related_form;01569181;3;4
13631687;_has_part;13631037;1;1
00925372;_derivationally_related_form;07525555;2;2
08723006;_has_part;09350524;5;18
08441203;_member_of_domain_topic;07194499;1;15
02558172;_hyponym;02558951;2;2
08820121;_has_part;09420030;1;1
06263369;_hyponym;06595351;1;1
03305135;_hypernym;03304730;9308;1096
09788237;_synset_domain_topic_of;08441203;8;1
11538582;_hypernym;11537665;1;1
02138921;_member_meronym;02140970;9;6
11411501;_hypernym;11410625;2;1
08696931;_instance_hyponym;08888676;1;7
09505418;_derivationally_related_form;00693401;516;1022
00028651;_has_part;08502171;3;2
10102506;_hypernym;10756433;2;2
01589582;_member_holonym;01589125;1;1
08378356;_hypernym;08377806;2;1
00800421;_hypernym;00798245;2;2
07705931;_hyponym;07757132;1;1
13945102;_derivationally_related_form;01096497;2;2
01155354;_also_see;02106761;2;2
03257877;_hypernym;03093574;2;2
02915055;_derivationally_related_form;05407119;3;2
03049457;_has_part;04190052;1;2
13265011;_hyponym;13265904;2;2
10213652;_derivationally_related_form;02591736;2;2
02176268;_hyponym;02172888;2;2
01130455;_derivationally_related_form;07159791;2;2
10423589;_instance_hyponym;10829450;1;1
02006510;_member_meronym;02006827;1;1
08524735;_instance_hyponym;08801099;1;293
03881893;_part_of;04587648;2;1
02587239;_derivationally_related_form;10735298;2;2
08083599;_has_part;08085824;2;2
01721556;_derivationally_related_form;07014029;2;2
00035189;_hyponym;00036762;2;2
05573602;_has_part;05293944;1;1
01243661;_hypernym;01226215;1;1
02429810;_verb_group;00792471;7822;12253
03925226;_derivationally_related_form;02838592;2;2
06071934;_derivationally_related_form;01567888;2;2
00155727;_hypernym;00433232;1;1
02622234;_derivationally_related_form;14419164;5;2
09850642;_hypernym;10667187;1;1
02616713;_derivationally_related_form;10681194;2;2
12258663;_member_meronym;12259316;1;1
13140535;_member_meronym;13144303;1;4
09643799;_synset_domain_usage_of;07157273;3;2
01520789;_member_holonym;01502262;3;1
12245695;_hypernym;13112664;1;1
14213512;_hypernym;14213199;2;1
10526096;_derivationally_related_form;02491383;2;2
08475722;_synset_domain_region_of;08766988;9;1
01153861;_hypernym;01123598;2;2
00583239;_also_see;00346991;3;2
01111458;_hypernym;01111028;2;1
05504532;_has_part;05505131;4;39
04357121;_part_of;02958343;2;1
00207761;_derivationally_related_form;02499312;3;2
13104059;_hyponym;12695144;1;2
00823129;_synset_domain_topic_of;08081668;1;1
05616246;_hyponym;05634613;1;2
01575401;_hypernym;01574045;1;1
01916925;_hyponym;01917611;1;1
14422179;_hyponym;14424517;1;2
09090825;_part_of;09049599;2;2
02248147;_member_meronym;02250464;1;1
01233156;_derivationally_related_form;02487573;2;2
15084999;_hypernym;14621446;1;1
02116777;_verb_group;02116568;3;2
07412310;_derivationally_related_form;02763609;2;5
09246883;_synset_domain_topic_of;06084469;1;1
14641397;_derivationally_related_form;00520881;3;3
03806381;_hypernym;03808977;1;1
09465459;_hyponym;09240621;2;2
01741446;_verb_group;01235355;2;2
05638606;_derivationally_related_form;10294953;2;2
01617192;_hyponym;01654628;2;3
02740764;_hyponym;04114069;1;2
00359238;_hyponym;00359903;2;2
03278248;_hyponym;04176528;2;2
01940488;_member_meronym;01955463;3;3
06347996;_part_of;06377442;1;1
15155220;_hypernym;15154774;2;2
06619428;_hypernym;06619065;2;3
12205694;_hyponym;12090890;1;1
02002410;_hypernym;02002720;1;1
09918554;_hypernym;00007846;2;2
13441812;_derivationally_related_form;00060185;3;3
10287213;_has_part;05220306;2;2
01052853;_derivationally_related_form;01494310;3;2
01581070;_derivationally_related_form;02957586;2;2
01244178;_derivationally_related_form;04367480;2;3
00559102;_derivationally_related_form;01046984;3;3
12039743;_member_meronym;12074205;1;1
01209220;_derivationally_related_form;02549392;2;2
11963755;_member_meronym;11963932;2;2
12479066;_member_holonym;12476036;16;1
02921884;_hypernym;03003730;17603;7754
03420440;_hypernym;03169390;1;1
01825237;_hyponym;01824532;1;1
01732713;_derivationally_related_form;03495258;2;2
01831531;_hyponym;01923909;1;2
10119953;_hypernym;09626238;2;2
01712704;_hyponym;01721169;2;2
02012344;_hypernym;01850315;2;1
00157081;_hyponym;00158185;2;2
03428805;_derivationally_related_form;01330822;2;2
02531625;_derivationally_related_form;05799212;12;25
09023321;_has_part;09026204;1;4
02236044;_hypernym;02232951;1;1
07557434;_derivationally_related_form;01180351;3;3
00521085;_hypernym;00521209;1;1
09813696;_hypernym;10338707;2;2
11986306;_hyponym;11986900;1;1
03446268;_has_part;04444345;1;2
03138534;_part_of;03497657;2;1
00546192;_derivationally_related_form;15109745;2;2
00815320;_hyponym;00815644;2;2
01437805;_member_meronym;01444520;1;1
08735705;_instance_hypernym;09319604;1;2
09920771;_member_holonym;08188638;1;1
02556537;_verb_group;01218084;2;2
08061042;_hyponym;08059870;2;2
08860123;_member_of_domain_region;03415252;1;3
08441203;_member_of_domain_topic;07195404;1;20
08731057;_instance_hypernym;08524735;549;13
06721949;_derivationally_related_form;00941990;4;2
10453533;_instance_hyponym;10844031;1;1
06804199;_hyponym;06805497;1;1
05483388;_hypernym;05296775;1;1
01458973;_hypernym;00140123;2;2
08633957;_instance_hyponym;09083390;1;46
03282591;_hyponym;03515338;245;1570
01657723;_hyponym;01679837;1;1
01635056;_hypernym;01634424;2;1
12159555;_hyponym;12159804;1;1
01342529;_hyponym;01912272;1;1
00644372;_also_see;01688271;2;2
00470701;_hypernym;01323958;3;2
01864707;_hyponym;02475821;1;1
13184492;_member_holonym;13169674;6;1
11485582;_part_of;11485367;1;1
00189189;_hypernym;00187526;2;1
03820318;_hypernym;03442756;1;1
08053576;_hyponym;08055150;2;2
10298912;_hypernym;10371741;2;2
07290905;_hyponym;07319909;4;3
10179069;_hypernym;09786585;1;1
07751004;_hypernym;13138308;1;1
00032981;_hypernym;00034288;2;1
02289295;_hyponym;02278830;2;3
06961557;_derivationally_related_form;03130073;2;2
08130712;_hypernym;08337324;3;1
10902591;_instance_hypernym;10467395;1;1
10583387;_hypernym;10314952;2;2
00442115;_hyponym;00442847;2;3
02259829;_derivationally_related_form;13253751;3;2
09239740;_part_of;09466280;2;2
00190682;_hypernym;00126264;2;2
09147964;_has_part;09148662;1;4
12667582;_has_part;07763483;1;1
02235575;_member_meronym;02235761;137;247
00417413;_similar_to;00418110;9;5
00109660;_hyponym;00443384;3;2
02642430;_hypernym;01429349;1;1
00555447;_derivationally_related_form;00196084;2;3
10150940;_derivationally_related_form;02384940;3;2
07321517;_synset_domain_topic_of;06236802;1;1
06808720;_hyponym;06811625;4856;18096
02510337;_hypernym;02422663;129;31
06447897;_part_of;06453849;2;1
11918631;_hypernym;11579418;1;1
05667613;_hyponym;05667951;1;1
02473431;_hypernym;00776059;2;2
02397529;_member_holonym;02397377;1;1
15286042;_part_of;00543233;2;2
00812149;_derivationally_related_form;00203753;2;2
00594580;_derivationally_related_form;10259527;3;2
00722232;_hypernym;00628491;196;19
12509476;_member_holonym;12509297;1;1
11562747;_hyponym;12290116;1;1
11879722;_hypernym;11878283;1;1
09137869;_has_part;09388318;2;2
01551871;_derivationally_related_form;10566072;2;3
09843956;_synset_domain_topic_of;00471613;2;1
15275598;_hypernym;15272029;1;1
10030277;_instance_hyponym;11282286;1;1
12762896;_hyponym;12764507;1;1
14960090;_hypernym;14686352;1;1
01424948;_verb_group;01425348;2;4
07121157;_hypernym;07109847;2;1
11556857;_hyponym;12116267;1;1
00953559;_hyponym;00958477;2;3
02327200;_hyponym;02356420;2;2
12051792;_member_holonym;12051285;1;1
09815790;_hyponym;10097842;1;2
06163751;_member_of_domain_topic;06647614;1;2
00060201;_hypernym;00058743;1;1
02150039;_synset_domain_topic_of;06043075;76;1
00860620;_derivationally_related_form;01218932;2;2
04159058;_derivationally_related_form;01356582;2;2
08814664;_part_of;08813978;1;1
10259780;_synset_domain_topic_of;08199025;1;1
02830157;_derivationally_related_form;02035919;2;2
02763714;_hypernym;03489162;2;1
03008207;_derivationally_related_form;14855724;2;2
02544960;_member_holonym;02544754;1;1
07764630;_part_of;12501202;1;1
01799629;_hypernym;01803003;1;1
02463141;_derivationally_related_form;00183505;2;4
02080577;_derivationally_related_form;01183573;2;2
11723655;_hypernym;11571907;1;1
12685214;_member_meronym;12685431;1;1
14944888;_hypernym;14682133;5;2
02308325;_hypernym;01762525;1;1
05846355;_hypernym;05846054;2;2
12699922;_member_holonym;12699778;1;1
12646397;_hypernym;12638556;1;1
12002428;_member_holonym;12002197;2;1
01864707;_hyponym;02372813;1;1
06022291;_hypernym;06021499;3;2
10659571;_hypernym;10349243;2;1
02170427;_derivationally_related_form;05853636;2;4
09144323;_instance_hypernym;08524735;3;1
01946118;_hypernym;01938850;1;1
00806314;_derivationally_related_form;10670668;2;2
00661213;_derivationally_related_form;13855627;2;3
02558724;_member_holonym;02553196;3;1
03338287;_synset_domain_topic_of;06047430;8;1
08441203;_hyponym;08454003;1;2
05275466;_hypernym;05269901;1;1
02260770;_hypernym;02260362;1;1
11375087;_instance_hypernym;10650162;1;1
00837293;_derivationally_related_form;00007328;2;2
04117216;_hypernym;04313220;2;2
06218459;_derivationally_related_form;10619176;2;3
06619428;_hyponym;06619850;1;1
10196845;_hypernym;10008716;2;1
00068333;_derivationally_related_form;00204585;2;2
00007846;_hyponym;10361060;1;2
10597505;_hypernym;09610660;2;2
09112857;_instance_hypernym;08524735;255;3
01864707;_hyponym;02371801;1;1
12512460;_member_holonym;12501745;1;1
02137538;_derivationally_related_form;07487695;2;3
06720371;_synset_domain_topic_of;08441203;21;1
05219420;_part_of;09917593;82;87
02887209;_derivationally_related_form;01219706;2;2
01165112;_hypernym;01163779;1;1
12608778;_member_holonym;12605019;2;2
12958921;_hypernym;13167078;1;1
04802629;_hyponym;04802776;2;2
01539573;_hypernym;01524359;1;1
14712036;_derivationally_related_form;00265094;2;2
00986938;_hyponym;00988320;1;1
01527194;_hypernym;01525720;1;1
04446162;_hypernym;03051540;389;332
08766988;_has_part;08772137;1;1
06084469;_member_of_domain_topic;00524299;1;226
02645143;_hypernym;01432517;1;1
00733454;_derivationally_related_form;05951566;2;2
01925469;_member_meronym;01926090;1;2
10553805;_derivationally_related_form;02551602;2;2
01435380;_derivationally_related_form;01142519;3;8
03461385;_has_part;04190052;1;2
15137890;_hyponym;15138401;1;1
01762525;_hyponym;02216066;1;1
01838038;_hypernym;01503061;2;1
